10000
2 1144
2 199
4 457
5 816
7 1251
12 709
12 1138
12 207
13 825
14 240
16 1143
19 1394
22 491
22 724
23 368
25 615
27 688
27 1243
28 1494
30 892
33 1247
34 509
35 588
38 1049
40 1236
43 1204
44 563
44 917
45 961
47 944
47 1120
49 1403
51 824
51 401
51 742
52 246
54 575
57 1495
57 1259
60 1333
60 485
61 1287
62 1240
63 1322
66 1292
66 164
67 700
67 1076
68 299
70 639
71 1029
73 815
74 333
75 180
75 744
76 1487
80 756
81 509
81 985
81 569
84 350
84 454
84 1209
85 1033
91 170
93 319
97 211
97 718
100 679
101 343
102 702
102 312
102 366
108 628
108 638
108 545
112 532
116 912
118 972
123 674
126 179
129 1369
129 375
130 966
135 473
135 581
135 127
135 401
135 853
135 1198
137 146
138 826
139 212
140 1383
140 1419
142 280
149 279
152 1073
158 106
164 717
164 282
168 412
168 948
169 511
173 1075
174 569
178 739
191 1240
193 1298
195 113
199 299
205 287
207 867
207 1418
208 644
212 256
212 349
212 816
213 843
213 1133
216 785
218 642
221 1421
222 1313
223 1117
226 1066
226 692
227 600
227 349
229 985
229 1210
231 1494
232 233
233 1018
233 437
234 616
237 1279
238 910
240 781
241 1036
241 1021
242 200
246 1253
248 1215
252 184
253 411
254 1221
255 615
256 956
264 1425
266 621
267 437
268 754
269 825
272 1427
273 1128
274 504
275 582
277 229
278 948
279 1417
279 334
280 1085
282 217
284 1007
286 732
288 1264
289 837
289 219
290 867
292 186
294 1334
295 617
296 897
297 514
297 992
303 1235
306 1155
308 781
309 669
312 644
312 209
319 574
324 1049
324 380
326 171
327 1113
327 476
330 461
334 1450
336 331
337 65
338 1202
341 834
341 1079
343 1119
345 712
346 524
350 244
351 895
351 1154
355 324
356 561
357 436
359 579
361 1245
361 144
361 444
362 1291
362 1037
367 690
370 1010
375 370
375 1091
376 1281
378 837
379 704
379 936
380 399
381 506
382 884
382 636
389 818
390 546
392 720
392 123
397 146
399 1112
399 919
399 1277
401 727
401 718
403 1128
403 991
405 717
405 990
406 900
409 280
409 170
410 115
411 1440
418 892
419 131
420 219
422 701
428 968
428 1405
431 1487
433 1195
433 859
433 244
434 378
434 759
436 521
437 966
441 612
442 119
442 629
444 1015
445 810
448 1454
451 344
452 1384
452 881
455 909
456 1494
458 774
463 375
464 1255
465 896
465 999
465 1452
467 1444
471 509
474 169
474 315
476 1023
477 933
481 311
485 1365
487 764
488 444
491 776
493 1413
493 569
497 1029
499 670
500 812
501 1303
503 246
509 284
511 332
512 1049
519 558
520 702
520 458
521 268
523 1471
523 317
524 1214
526 1388
527 1190
530 708
532 365
533 404
534 1202
540 1053
540 1165
541 995
542 728
542 1407
544 770
549 1085
550 530
550 340
553 893
553 1151
554 1260
557 753
560 1388
561 351
563 530
563 547
563 696
565 333
569 135
569 660
572 1121
573 1285
574 202
574 834
574 1201
574 300
575 1393
577 299
578 498
580 817
580 1483
581 522
582 944
582 1176
584 686
585 273
587 1069
592 575
592 178
594 865
595 440
595 1299
595 208
596 221
596 400
596 781
597 1449
597 854
597 138
597 956
597 430
597 579
597 879
597 223
598 77
598 1166
598 1180
598 386
598 604
598 429
598 1022
598 866
598 508
598 1074
598 1134
599 745
599 928
599 1451
600 353
600 832
600 267
600 1466
600 1221
600 1433
600 159
600 1271
600 916
601 287
601 617
601 993
601 233
601 1334
601 906
601 1442
601 339
601 800
601 520
601 304
601 170
602 825
602 1203
604 971
605 319
605 738
608 1479
609 574
609 971
609 1493
610 544
611 756
613 1421
615 1270
617 719
620 634
621 295
623 1469
625 814
627 1293
629 661
629 694
632 254
633 77
636 462
639 1056
642 107
645 1094
649 1433
649 662
653 1063
653 196
654 553
655 959
658 704
669 1065
669 997
670 750
670 1007
672 412
677 289
678 1117
678 1308
686 1042
687 1041
688 443
690 612
692 1418
696 1306
698 716
702 208
704 653
707 79
710 519
714 415
718 445
719 85
720 657
722 167
724 1068
728 863
729 688
732 1166
735 1445
740 762
743 1489
744 1425
745 906
749 617
759 484
760 385
761 233
761 1121
763 1197
769 1091
769 548
770 1008
771 624
771 1133
772 657
780 1035
780 165
780 1493
781 618
783 651
784 1093
786 444
789 127
790 451
792 778
792 1205
797 340
802 1243
803 522
806 169
812 497
816 900
816 492
820 916
820 256
825 115
832 174
834 1133
836 1207
839 628
841 1303
843 858
843 720
844 75
847 360
848 1313
850 330
853 801
853 748
856 230
858 915
858 457
861 153
862 715
864 530
864 419
866 991
867 1368
867 1083
868 1482
868 877
871 497
877 1191
878 1413
878 1083
879 735
879 880
882 439
883 495
884 101
886 443
886 1377
887 1185
890 1370
893 1058
893 170
897 852
897 964
898 1298
899 184
900 389
902 180
905 1193
906 1313
909 158
912 1276
913 406
913 960
916 310
917 1149
921 167
924 835
929 742
930 778
931 1417
931 773
931 1392
936 543
936 601
938 72
938 1031
939 220
942 225
944 371
946 880
947 1362
953 188
957 952
957 284
958 860
959 285
962 1198
963 1303
965 1077
966 1069
967 477
967 1155
969 912
969 976
970 1301
970 95
974 142
975 906
976 1000
977 970
978 865
981 513
981 1243
981 1088
981 1361
983 652
985 239
985 658
987 643
988 1279
988 1124
989 916
991 1108
993 1455
994 1261
995 1192
995 444
996 496
999 1484
999 523
1001 723
1001 1163
1001 517
1001 485
1002 1342
1004 671
1004 423
1005 250
1009 1001
1009 418
1011 647
1012 740
1013 853
1016 325
1016 433
1017 1346
1018 383
1025 1464
1026 69
1028 1126
1029 340
1031 1305
1032 1016
1034 569
1036 425
1037 1221
1037 1367
1037 364
1038 698
1047 688
1057 424
1057 607
1063 1126
1063 1076
1065 433
1066 410
1069 549
1069 334
1070 238
1081 288
1081 1421
1084 963
1084 814
1086 1370
1087 425
1089 1300
1090 746
1091 1139
1094 1394
1097 1042
1097 802
1098 900
1104 333
1105 1405
1106 982
1107 106
1108 1140
1109 596
1111 874
1112 1430
1117 1031
1118 1287
1120 1113
1127 123
1130 120
1133 1317
1133 538
1136 1338
1137 474
1141 209
1143 1403
1144 1223
1151 426
1152 568
1153 1227
1153 642
1155 988
1159 1011
1161 946
1165 778
1166 379
1167 1480
1167 1195
1170 1248
1171 1033
1171 441
1174 663
1178 158
1179 1209
1180 192
1185 339
1186 1489
1189 748
1191 569
1195 994
1196 1004
1198 728
1199 1479
1199 1410
1200 830
1208 1473
1210 736
1211 105
1212 143
1212 1331
1214 871
1214 937
1222 1487
1223 788
1223 1486
1224 442
1224 1314
1231 1410
1234 393
1235 1161
1235 208
1236 436
1237 771
1239 475
1239 746
1243 1129
1243 988
1244 252
1245 485
1247 1285
1249 820
1249 173
1252 1134
1254 787
1255 387
1260 1290
1261 1470
1262 1230
1267 1318
1269 459
1273 645
1276 1082
1279 1041
1281 1211
1283 128
1284 483
1285 1457
1286 931
1286 1290
1286 1277
1289 857
1290 432
1294 181
1296 675
1298 951
1298 1497
1301 1256
1304 929
1306 1479
1307 1491
1310 150
1314 1434
1317 1394
1320 266
1322 242
1328 746
1329 1414
1329 1433
1330 794
1330 1153
1330 803
1332 437
1333 305
1333 1274
1335 1162
1336 438
1339 1184
1339 181
1340 488
1341 130
1343 805
1344 867
1345 1162
1345 1491
1348 69
1352 782
1353 620
1356 562
1362 308
1363 559
1364 1480
1365 843
1365 1030
1369 487
1369 966
1370 74
1371 912
1375 1370
1375 1047
1376 1254
1376 869
1376 423
1377 961
1380 1074
1381 197
1382 293
1382 1148
1383 804
1384 1013
1385 157
1387 872
1389 646
1389 1253
1391 1015
1393 1213
1398 829
1404 402
1404 513
1405 431
1405 1048
1406 113
1408 1119
1409 1079
1410 540
1411 1217
1414 1245
1415 1143
1415 673
1419 288
1420 838
1422 903
1423 1441
1426 477
1427 880
1433 765
1434 779
1435 1481
1441 474
1443 1494
1443 493
1446 1016
1447 1251
1449 1186
1449 1035
1450 426
1450 775
1456 717
1457 987
1458 895
1458 899
1461 1389
1463 759
1463 951
1464 1174
1466 550
1466 369
1466 1329
1469 1178
1470 1096
1470 1124
1471 1352
1475 1359
1477 1027
1481 1345
1482 1327
1484 127
1487 612
1488 976
1489 1290
1491 692
1492 79
1492 264
1493 1290
1493 860
1495 635
1495 405
1495 959
1499 1081
1503 287
1506 1333
1507 1386
1512 1474
1512 881
1512 969
1513 1212
1513 945
1513 940
1514 609
1514 981
1516 588
1517 1139
1520 1059
1522 1305
1523 654
1524 823
1524 461
1527 123
1527 986
1531 1327
1532 1486
1534 858
1535 1006
1536 717
1538 591
1540 1326
1540 590
1544 78
1544 745
1546 1323
1547 100
1550 136
1554 1191
1557 610
1564 1062
1566 1138
1569 860
1570 1477
1572 1467
1574 1478
1575 515
1575 1318
1575 106
1578 1274
1578 1354
1580 293
1581 1028
1589 342
1599 348
1600 717
1600 637
1600 514
1601 1355
1604 273
1608 1493
1609 377
1609 683
1610 614
1610 715
1614 1011
1618 1090
1619 794
1620 627
1625 282
1627 518
1627 1008
1628 448
1632 1306
1634 217
1637 1448
1639 146
1640 408
1640 1448
1641 996
1642 622
1643 1080
1644 146
1644 436
1648 1317
1649 1088
1649 977
1651 786
1651 199
1651 934
1652 547
1654 923
1654 1339
1654 305
1661 387
1663 111
1664 713
1667 140
1670 1378
1670 1028
1670 277
1670 676
1672 1204
1675 669
1678 1201
1680 599
1682 720
1684 991
1686 839
1687 1385
1688 791
1690 1240
1691 531
1691 1491
1692 123
1692 980
1695 1114
1697 770
1698 214
1698 641
1699 222
1701 1306
1701 1354
1704 651
1705 415
1709 425
1710 159
1711 388
1712 404
1713 1275
1718 256
1720 488
1723 1071
1726 210
1726 90
1727 77
1729 1321
1739 98
1739 948
1739 1293
1740 1348
1745 517
1747 480
1748 285
1748 185
1750 796
1751 1242
1752 1211
1753 1182
1754 843
1754 1107
1755 1100
1758 1098
1758 724
1759 923
1759 850
1759 717
1762 788
1763 1295
1764 584
1766 420
1767 1277
1768 992
1769 547
1774 181
1777 545
1777 1363
1778 391
1778 1143
1778 1125
1778 407
1783 1237
1791 684
1799 523
1802 584
1804 868
1805 1065
1806 344
1815 329
1816 1080
1816 370
1816 1033
1817 96
1819 222
1819 452
1825 791
1825 987
1825 661
1827 921
1828 226
1829 332
1833 256
1833 438
1835 472
1837 357
1839 977
1839 1308
1842 543
1845 694
1846 939
1847 692
1849 1110
1849 701
1850 707
1851 190
1853 1167
1853 434
1854 1050
1855 1472
1855 536
1858 371
1861 898
1861 608
1863 205
1866 470
1870 933
1871 1184
1873 1451
1873 900
1873 465
1875 686
1876 328
1876 1143
1876 1119
1881 909
1881 494
1886 456
1887 929
1887 485
1888 458
1890 1308
1892 485
1892 1495
1893 1269
1893 920
1894 1436
1896 974
1897 703
1897 1150
1898 1486
1899 1073
1900 1085
1901 768
1906 1014
1907 435
1910 1469
1912 396
1914 979
1916 906
1917 1404
1919 539
1920 1337
1921 896
1926 927
1927 565
1930 1281
1930 1188
1930 1343
1932 1489
1936 1021
1936 298
1936 337
1937 490
1938 1292
1938 1053
1946 264
1947 1318
1948 1157
1951 1069
1951 675
1954 575
1955 695
1956 844
1956 635
1956 359
1958 1372
1959 1118
1959 818
1961 1052
1961 1245
1961 1296
1962 861
1962 750
1964 1148
1966 815
1967 389
1968 479
1969 149
1970 779
1973 288
1976 98
1976 988
1980 65
1983 535
1983 322
1985 539
1987 258
1987 902
1990 383
1990 1332
1990 567
1992 713
1995 1170
1999 1459
2000 418
2002 1160
2004 1431
2005 542
2006 170
2010 1235
2014 871
2014 1092
2016 245
2016 1341
2017 529
2017 324
2017 489
2017 1298
2017 1393
2019 1115
2019 1032
2019 693
2022 992
2022 239
2023 1141
2023 1195
2029 1006
2029 937
2036 769
2046 1446
2050 540
2051 1242
2054 374
2054 507
2056 790
2057 573
2057 981
2058 80
2062 587
2063 198
2066 422
2073 681
2073 1187
2077 397
2078 1015
2079 196
2084 647
2084 948
2084 925
2085 1308
2086 1156
2089 528
2090 951
2090 1422
2093 1013
2094 232
2095 1394
2095 1327
2098 755
2100 204
2101 983
2103 1241
2105 386
2107 413
2108 1410
2111 709
2116 344
2116 246
2117 196
2118 1028
2119 903
2123 813
2124 1397
2126 200
2126 1490
2129 89
2130 1194
2131 1156
2133 718
2133 1474
2134 1364
2135 970
2138 989
2138 597
2138 666
2138 889
2139 1294
2139 677
2144 1320
2146 1301
2150 1136
2151 446
2151 874
2153 585
2154 810
2155 527
2156 550
2156 1150
2158 253
2158 498
2160 1163
2161 412
2163 586
2168 204
2169 183
2173 831
2175 803
2176 1062
2181 934
2182 487
2185 354
2186 1191
2191 1189
2195 508
2196 1340
2197 468
2201 682
2202 973
2204 335
2206 708
2210 1049
2215 119
2215 916
2217 1086
2222 84
2226 1349
2228 1403
2228 1225
2229 1281
2229 703
2230 1386
2232 644
2233 445
2236 635
2240 625
2240 1068
2240 451
2242 1440
2243 755
2243 481
2245 358
2246 538
2247 1166
2247 340
2251 897
2252 107
2254 336
2255 770
2256 216
2257 1003
2257 1369
2259 585
2260 351
2264 817
2266 383
2269 195
2269 230
2270 544
2274 968
2277 872
2277 868
2277 986
2278 567
2279 1451
2281 804
2282 1196
2286 109
2287 70
2289 617
2289 1266
2290 997
2290 383
2291 676
2292 817
2293 76
2297 1303
2298 1128
2301 1489
2303 126
2306 701
2307 750
2308 1337
2309 1318
2311 1107
2314 991
2314 1056
2314 696
2319 759
2319 199
2324 493
2324 551
2326 228
2328 1244
2330 1195
2331 363
2334 264
2339 1183
2344 1222
2345 1066
2349 1020
2352 1400
2355 436
2356 1235
2356 174
2358 1343
2361 279
2361 83
2362 588
2363 988
2366 1166
2369 784
2372 756
2373 432
2375 114
2376 432
2378 280
2378 1049
2378 208
2379 1135
2380 625
2382 1362
2384 401
2386 454
2389 1401
2390 1336
2390 452
2393 1091
2394 1416
2395 645
2396 873
2397 751
2397 705
2399 1357
2402 998
2403 605
2404 1268
2404 518
2404 795
2406 1006
2409 480
2414 795
2416 117
2420 284
2420 658
2420 1239
2421 466
2434 1181
2439 1339
2440 1169
2440 677
2441 1302
2443 1195
2444 175
2444 432
2444 329
2446 706
2447 915
2448 975
2449 1267
2451 129
2451 94
2452 543
2456 301
2456 319
2459 772
2462 224
2464 763
2468 365
2469 259
2469 278
2471 300
2471 826
2472 931
2476 645
2476 1356
2477 979
2479 1293
2481 829
2481 340
2484 1377
2491 1130
2492 428
2493 1165
2497 645
2500 835
2501 1210
2502 794
2502 1038
2507 656
2509 757
2514 704
2514 1293
2516 1022
2516 147
2519 428
2521 1407
2528 122
2529 1086
2532 1480
2536 664
2536 880
2536 1049
2537 1086
2538 320
2538 547
2539 246
2540 856
2540 1065
2540 791
2547 1435
2548 1166
2550 1415
2551 384
2551 404
2554 667
2555 1251
2556 345
2560 1030
2563 900
2564 1370
2566 790
2571 1133
2573 710
2575 98
2577 648
2579 1092
2580 1374
2585 191
2585 1078
2589 855
2590 435
2590 344
2593 811
2594 339
2594 793
2594 1036
2597 546
2598 1265
2598 779
2599 893
2599 960
2603 496
2605 1117
2608 852
2608 181
2608 841
2609 922
2610 136
2613 121
2613 1369
2614 1206
2614 835
2614 756
2614 1491
2614 1243
2617 165
2617 1290
2619 1473
2621 282
2623 674
2624 277
2624 1112
2627 1010
2627 1060
2628 458
2630 858
2630 870
2631 1054
2631 915
2633 995
2633 857
2634 1366
2638 1288
2638 1248
2640 1186
2641 1078
2642 726
2642 562
2644 1338
2645 608
2647 308
2648 1364
2649 1325
2649 647
2653 837
2653 1391
2657 802
2659 1077
2660 1350
2662 270
2664 1102
2666 439
2673 1416
2674 1479
2675 1468
2676 574
2678 1196
2678 371
2678 946
2679 1352
2681 385
2681 1098
2682 88
2685 160
2686 1196
2687 696
2692 1367
2695 1138
2696 304
2696 762
2701 83
2702 1147
2706 1185
2707 713
2708 831
2708 507
2710 276
2712 328
2713 1362
2713 988
2713 282
2714 656
2715 71
2715 1063
2717 684
2718 340
2719 1023
2719 132
2720 163
2724 433
2726 428
2728 1398
2729 436
2729 76
2729 173
2730 1058
2730 609
2732 830
2735 312
2736 176
2739 610
2741 142
2744 423
2746 1265
2746 1419
2748 936
2753 405
2754 1125
2755 665
2757 858
2757 1045
2759 643
2764 331
2770 271
2770 586
2773 741
2781 583
2782 591
2782 1200
2782 1109
2786 1113
2787 922
2788 169
2788 760
2792 366
2794 1008
2799 132
2800 1292
2804 77
2806 439
2807 324
2808 604
2808 185
2811 546
2813 892
2814 271
2816 232
2817 993
2817 76
2819 792
2821 1242
2821 955
2821 1381
2825 432
2827 242
2827 100
2829 269
2835 522
2835 443
2836 1216
2836 1044
2837 1298
2843 1284
2845 998
2846 778
2850 568
2850 1208
2852 291
2852 311
2852 1274
2853 361
2857 640
2861 1044
2862 1315
2864 1226
2866 1170
2866 689
2868 165
2869 360
2869 1359
2872 196
2873 606
2873 1192
2874 304
2874 940
2877 155
2877 491
2879 193
2881 417
2882 198
2884 1276
2884 541
2886 836
2886 1118
2887 657
2888 400
2890 379
2890 249
2891 386
2896 848
2897 678
2898 1065
2902 1320
2905 224
2908 1442
2908 1500
2910 925
2911 197
2914 1134
2915 725
2915 397
2917 1189
2920 920
2921 1331
2922 839
2924 1252
2925 988
2925 173
2927 488
2928 1293
2930 1123
2931 392
2933 788
2934 423
2934 678
2935 1054
2936 830
2937 1145
2940 126
2941 221
2943 206
2945 922
2946 1396
2946 69
2947 1286
2948 463
2948 1449
2951 876
2954 1031
2959 824
2959 829
2959 930
2962 310
2963 1352
2964 1030
2965 1474
2968 1269
2969 806
2969 1293
2970 1021
2974 1367
2979 361
2980 525
2980 447
2981 1414
2984 417
2984 200
2985 902
2986 560
2989 516
2990 292
2991 226
2992 1215
2994 691
2995 724
2996 996
3001 608
3001 496
3002 452
3003 813
3003 187
3005 757
3005 131
3009 1403
3012 656
3020 1131
3026 1042
3027 255
3027 522
3029 699
3030 1390
3033 1274
3034 146
3040 1372
3041 315
3041 491
3041 191
3043 628
3053 1069
3054 1348
3056 1232
3056 1489
3057 1473
3070 1101
3072 1239
3072 602
3072 277
3083 383
3083 541
3084 787
3086 207
3088 102
3090 619
3090 603
3094 363
3099 1401
3102 358
3106 147
3107 259
3109 240
3110 620
3110 1208
3110 258
3113 1086
3114 1491
3114 1239
3115 893
3117 756
3120 423
3123 667
3123 1486
3123 511
3126 687
3127 453
3128 670
3133 805
3133 203
3134 1221
3137 286
3137 462
3139 915
3139 751
3139 436
3141 777
3142 174
3145 757
3146 1112
3147 746
3148 724
3149 1180
3151 1293
3151 707
3152 602
3153 703
3154 1414
3156 787
3156 652
3159 1214
3162 571
3163 168
3163 910
3164 1060
3166 957
3169 233
3177 936
3178 1010
3180 918
3185 639
3189 1106
3189 1473
3189 1217
3190 206
3191 155
3194 868
3196 1087
3197 492
3201 1001
3201 1261
3201 974
3201 303
3202 1007
3204 1357
3206 216
3208 1118
3213 797
3214 556
3216 507
3222 1419
3225 522
3229 1283
3231 302
3232 675
3232 1339
3232 830
3233 1228
3235 1196
3236 794
3237 1361
3238 788
3247 1177
3247 726
3252 986
3255 276
3255 1435
3259 1250
3260 1052
3263 723
3265 925
3265 523
3268 96
3270 658
3272 96
3272 1040
3276 692
3277 752
3284 114
3285 458
3285 929
3289 1396
3290 1411
3291 206
3297 649
3301 276
3306 240
3306 573
3306 642
3309 1201
3309 486
3310 278
3315 1083
3317 774
3318 755
3319 1329
3321 820
3321 1362
3322 786
3322 108
3324 1059
3331 1192
3332 575
3333 481
3335 680
3336 1227
3338 743
3339 475
3340 1067
3341 575
3342 1215
3345 1111
3346 984
3346 240
3349 1031
3352 724
3358 1055
3358 112
3363 689
3363 1165
3364 959
3369 1380
3371 380
3373 229
3373 1447
3376 1198
3377 635
3386 1041
3386 320
3387 1320
3389 365
3390 1226
3390 1138
3391 430
3391 1040
3392 498
3395 1057
3405 1421
3406 755
3407 857
3409 746
3417 1245
3419 1298
3420 470
3423 1177
3423 747
3423 237
3426 1087
3427 966
3429 450
3430 599
3433 768
3433 1028
3435 648
3435 970
3435 1392
3442 453
3447 322
3450 799
3450 1180
3450 1238
3451 887
3453 1334
3455 1430
3458 1236
3458 196
3458 95
3458 1266
3460 1329
3461 89
3465 1468
3468 241
3470 135
3474 1003
3474 1272
3474 300
3475 355
3475 185
3477 604
3480 1187
3482 358
3482 669
3482 714
3484 361
3486 1300
3493 1244
3494 576
3495 567
3500 433
3501 852
3501 1089
3502 408
3503 848
3505 777
3510 109
3511 552
3515 963
3517 753
3522 1032
3522 813
3529 736
3530 218
3533 1083
3535 1490
3542 991
3543 393
3543 1312
3544 638
3545 1149
3545 88
3553 505
3555 1471
3559 1153
3563 567
3566 1207
3566 352
3566 860
3566 146
3566 1206
3568 252
3568 567
3568 269
3568 346
3572 876
3573 908
3575 1255
3577 529
3578 238
3583 1332
3584 509
3584 744
3590 1276
3590 172
3591 319
3594 902
3596 1389
3597 1208
3598 1101
3598 1357
3598 424
3598 655
3599 654
3601 943
3601 697
3601 1264
3606 532
3607 161
3608 141
3608 833
3609 318
3611 957
3612 1117
3612 1435
3614 134
3617 508
3618 957
3619 447
3622 445
3622 348
3624 859
3628 1208
3630 413
3633 1031
3634 1477
3635 680
3640 1225
3642 395
3644 1427
3644 386
3652 852
3653 635
3654 744
3654 1087
3664 546
3666 301
3669 1394
3671 1404
3673 434
3673 821
3676 956
3676 828
3680 410
3681 847
3682 1079
3683 68
3687 809
3688 1270
3688 423
3692 658
3692 1195
3693 221
3694 623
3696 1231
3697 537
3698 968
3699 733
3699 617
3701 1343
3702 1127
3703 1131
3706 1033
3706 1470
3706 890
3710 1077
3711 217
3712 1031
3712 466
3714 1351
3716 458
3718 1035
3723 461
3724 703
3725 621
3726 654
3727 387
3729 602
3732 542
3735 852
3735 1072
3738 1327
3739 1280
3739 77
3740 193
3741 1067
3742 1442
3743 523
3744 939
3747 1010
3748 867
3748 484
3752 910
3753 109
3756 403
3756 432
3757 760
3760 821
3762 186
3763 989
3764 1339
3764 1159
3765 519
3766 401
3767 978
3767 465
3771 1195
3771 116
3775 852
3776 320
3776 1397
3777 983
3777 186
3777 576
3779 1391
3782 894
3785 695
3786 531
3786 89
3790 1047
3792 322
3792 1091
3792 117
3793 1252
3795 1462
3796 1190
3801 845
3802 447
3807 1481
3808 682
3809 110
3809 243
3809 1408
3810 470
3812 562
3813 147
3817 461
3819 116
3822 1344
3823 856
3824 1104
3824 871
3825 1231
3829 938
3830 533
3831 422
3831 484
3833 175
3837 220
3838 1139
3839 689
3841 825
3843 421
3843 117
3845 687
3846 606
3848 349
3850 486
3853 1160
3855 860
3857 1153
3857 766
3858 607
3858 273
3859 736
3859 1278
3860 449
3863 1003
3864 1213
3864 711
3865 764
3868 1157
3868 1054
3871 380
3872 204
3876 794
3878 502
3878 731
3879 870
3882 1063
3883 526
3883 871
3883 1150
3884 1196
3884 796
3884 1149
3886 1471
3890 965
3895 1178
3895 345
3897 511
3899 1251
3902 1473
3905 522
3905 240
3906 1165
3906 1008
3908 143
3908 840
3910 1272
3910 112
3911 555
3911 1222
3911 290
3917 560
3920 1432
3921 1348
3922 93
3924 951
3925 1258
3928 1403
3929 68
3929 821
3931 1137
3935 253
3936 1111
3943 522
3947 225
3948 1010
3952 876
3953 1387
3954 344
3955 193
3957 1475
3959 550
3962 1085
3963 793
3963 617
3964 350
3966 356
3967 1421
3968 500
3969 189
3970 167
3971 751
3971 1008
3972 126
3973 178
3973 271
3979 1047
3982 829
3982 1479
3986 202
3988 1314
3992 798
3993 820
3994 1263
3998 348
4000 129
4001 600
4002 1268
4005 737
4009 1189
4009 881
4013 601
4016 94
4017 936
4019 544
4019 425
4019 907
4020 133
4021 531
4021 231
4022 231
4024 1136
4026 787
4029 587
4036 686
4037 1338
4038 781
4039 1377
4044 513
4045 859
4045 323
4047 970
4049 1034
4050 1147
4051 249
4052 921
4054 1258
4054 625
4056 1284
4057 182
4057 965
4059 262
4059 591
4068 673
4068 287
4070 361
4070 1489
4071 150
4071 1142
4071 211
4073 696
4076 230
4076 348
4077 1400
4080 519
4082 678
4087 1407
4088 1361
4088 126
4092 288
4094 1393
4095 241
4095 342
4097 1149
4104 1463
4105 481
4106 1372
4106 991
4106 577
4107 254
4108 314
4114 976
4114 635
4114 201
4117 597
4118 277
4119 624
4122 718
4127 703
4128 540
4128 1413
4129 202
4130 615
4130 1092
4131 981
4132 137
4138 826
4139 776
4140 1286
4141 1204
4145 509
4145 259
4147 876
4147 878
4148 444
4150 1357
4151 1261
4153 159
4155 1171
4157 698
4158 1415
4158 748
4158 1172
4160 994
4165 1133
4165 133
4174 618
4180 1373
4180 1134
4180 1397
4183 533
4184 893
4185 1319
4190 816
4193 511
4196 538
4196 1475
4197 1222
4197 1006
4197 81
4198 432
4201 1227
4203 1004
4205 510
4205 605
4208 1017
4210 146
4213 432
4213 970
4214 91
4216 966
4218 1381
4220 161
4221 877
4225 756
4225 859
4226 896
4227 481
4228 701
4231 1038
4238 756
4243 1239
4244 662
4248 542
4248 1248
4250 528
4257 482
4259 695
4265 387
4269 759
4272 575
4273 882
4282 855
4284 258
4284 177
4285 506
4291 1123
4297 203
4298 1386
4301 1416
4303 1458
4303 1334
4305 1106
4307 851
4308 1470
4310 808
4312 1282
4314 296
4316 1439
4318 1258
4319 206
4319 691
4322 1163
4323 1165
4323 654
4323 232
4325 406
4326 850
4336 785
4337 198
4337 635
4338 212
4339 1142
4339 606
4345 1326
4347 1215
4349 122
4355 330
4357 129
4359 615
4361 1036
4366 385
4367 1471
4367 1043
4375 659
4375 593
4380 1366
4383 791
4383 675
4384 726
4387 348
4397 1261
4407 496
4409 760
4411 604
4412 211
4413 495
4416 1157
4418 1055
4419 113
4422 621
4428 1382
4429 372
4429 83
4431 928
4433 418
4441 535
4441 917
4442 452
4445 1387
4447 841
4449 962
4450 711
4453 701
4455 1081
4459 1059
4460 1250
4463 702
4463 722
4465 282
4467 1432
4470 383
4473 476
4477 979
4478 897
4482 1259
4484 1001
4485 927
4487 1238
4491 794
4493 1328
4496 991
4498 428
4502 154
4503 328
4506 416
4507 893
4512 908
4514 1191
4514 590
4515 1142
4519 85
4522 1449
4523 854
4526 119
4528 1072
4528 993
4531 1072
4532 665
4534 753
4536 1323
4539 1488
4539 1221
4540 1428
4541 938
4541 627
4541 875
4546 1073
4550 235
4551 1047
4553 728
4556 570
4558 889
4558 1190
4559 531
4563 1053
4564 368
4564 402
4565 288
4566 419
4568 967
4568 713
4574 190
4576 350
4579 841
4580 1067
4580 340
4581 303
4582 917
4582 1433
4584 367
4585 140
4586 1356
4586 1160
4588 422
4590 157
4591 1243
4593 635
4596 295
4598 900
4600 1221
4601 1113
4602 630
4603 857
4604 1243
4605 77
4606 661
4607 1417
4609 837
4610 136
4617 707
4618 1320
4619 404
4619 553
4620 1346
4623 87
4626 1067
4627 392
4629 1314
4634 1165
4635 653
4636 140
4636 756
4636 1167
4637 1153
4638 472
4638 179
4641 1114
4641 970
4644 1416
4646 849
4648 445
4648 298
4650 1434
4654 557
4655 65
4656 1004
4659 416
4659 1414
4660 1237
4661 978
4664 511
4667 853
4669 1068
4669 620
4676 264
4676 1427
4681 267
4683 908
4684 1277
4684 956
4688 1328
4690 77
4690 983
4693 1174
4693 1357
4693 1272
4694 1041
4696 536
4699 623
4700 368
4702 1009
4702 569
4702 1400
4703 1263
4704 1275
4706 552
4706 1051
4706 403
4707 876
4709 310
4709 158
4713 957
4715 914
4715 739
4717 161
4720 1494
4722 1184
4724 1107
4725 732
4727 787
4730 918
4733 1045
4738 364
4740 1436
4740 1340
4742 837
4743 320
4746 209
4751 1494
4753 1411
4754 987
4756 665
4757 1300
4758 311
4760 785
4760 1449
4761 484
4762 443
4762 976
4762 176
4771 756
4772 532
4773 855
4773 648
4774 1176
4775 1120
4779 149
4779 797
4782 93
4787 822
4790 1387
4792 974
4796 174
4800 528
4802 851
4802 231
4807 1263
4811 380
4813 1491
4815 490
4816 553
4818 78
4818 1140
4821 358
4826 179
4827 630
4828 874
4828 930
4829 1359
4834 625
4835 296
4836 1093
4838 1432
4839 269
4839 1095
4839 1447
4839 1223
4839 538
4840 1476
4840 1300
4841 430
4842 1103
4844 1345
4844 642
4845 528
4847 807
4849 1327
4850 1034
4855 107
4855 891
4856 1396
4857 1388
4857 449
4862 356
4864 1332
4865 555
4867 1153
4869 874
4870 591
4873 1473
4874 399
4875 1140
4879 1181
4881 363
4885 1259
4886 1250
4891 1297
4894 739
4901 1278
4902 590
4902 228
4902 1381
4906 674
4906 1398
4908 101
4909 982
4911 663
4911 958
4912 1218
4913 342
4915 978
4915 230
4916 379
4921 1138
4922 707
4924 609
4927 758
4928 179
4929 557
4931 108
4931 730
4931 1426
4932 764
4937 427
4941 113
4941 129
4942 831
4946 1055
4948 997
4952 777
4952 685
4953 1359
4954 461
4955 306
4957 82
4957 1426
4960 1383
4964 1011
4966 181
4967 1124
4972 156
4973 213
4973 1198
4973 224
4975 1102
4977 633
4983 596
4984 1239
4985 858
4987 540
4989 1355
4990 235
4990 1161
4991 1083
4997 1113
5000 513
5004 123
5004 270
5005 251
5008 1374
5009 572
5009 1288
5010 233
5012 1463
5015 1422
5019 1468
5026 1300
5026 373
5030 735
5031 1020
5033 150
5034 1463
5036 829
5038 1487
5039 809
5044 818
5046 613
5046 841
5048 907
5049 1029
5052 169
5054 1298
5054 1093
5057 1390
5061 194
5062 635
5062 1025
5070 434
5073 1024
5074 1307
5076 1279
5079 1393
5084 842
5084 246
5085 819
5089 1309
5093 143
5100 741
5101 752
5104 1325
5105 1140
5108 335
5110 946
5110 390
5110 361
5110 1234
5110 249
5110 514
5110 1338
5111 1394
5111 998
5111 270
5111 1353
5111 1213
5111 130
5111 1177
5111 320
5111 1303
5111 792
5111 924
5111 1119
5111 1349
5111 1038
5111 95
5111 1101
5112 903
5112 1113
5112 1331
5112 910
5112 420
5112 201
5112 695
5112 913
5112 1061
5112 284
5112 360
5112 147
5113 364
5113 718
5113 1355
5113 537
5113 537
5113 528
5113 1449
5113 1342
5113 223
5113 1063
5113 564
5113 502
5113 1367
5113 1152
5114 1203
5114 456
5115 1049
5116 331
5117 425
5117 850
5121 494
5122 908
5122 108
5123 115
5124 1175
5130 1238
5133 538
5135 264
5135 967
5136 946
5139 990
5140 1105
5145 729
5154 676
5159 1499
5161 1466
5164 545
5167 1497
5169 189
5170 1337
5171 746
5173 988
5174 855
5175 1005
5176 1448
5176 542
5178 977
5178 417
5179 1333
5179 780
5180 767
5180 496
5180 701
5182 1418
5182 1250
5183 1151
5183 751
5185 91
5188 87
5191 125
5196 1026
5197 184
5198 1489
5203 223
5204 1375
5209 103
5210 113
5213 1130
5213 1439
5215 1170
5216 66
5217 513
5218 73
5218 810
5220 1272
5222 1186
5223 1462
5226 176
5227 1487
5229 156
5230 117
5231 1354
5232 1128
5232 658
5235 762
5243 1458
5243 816
5244 404
5246 194
5246 798
5249 1099
5250 1184
5255 518
5257 1231
5257 190
5258 280
5260 179
5260 125
5262 533
5264 829
5267 496
5275 413
5275 1225
5280 829
5282 123
5288 984
5291 678
5292 1242
5292 313
5294 647
5296 333
5297 786
5298 1208
5300 1266
5303 295
5304 280
5305 507
5307 1332
5311 1360
5312 76
5313 1336
5314 1492
5315 540
5318 1082
5319 1464
5320 1003
5323 154
5324 399
5324 150
5324 331
5330 909
5330 1316
5331 384
5338 743
5340 852
5340 251
5340 300
5341 228
5342 1010
5343 1454
5345 951
5346 394
5347 818
5348 1275
5352 1281
5353 1296
5353 264
5355 408
5356 580
5359 1057
5359 807
5360 1003
5365 304
5366 942
5367 1337
5369 199
5371 1093
5374 1009
5375 719
5378 566
5378 93
5380 788
5381 955
5382 271
5385 480
5387 1172
5388 927
5388 988
5390 664
5391 972
5392 620
5395 1083
5395 271
5395 862
5398 303
5399 1389
5399 1134
5401 1166
5402 154
5406 629
5406 1066
5406 828
5407 938
5407 551
5408 292
5409 1359
5410 1291
5412 480
5414 1477
5418 917
5420 150
5421 798
5423 1487
5423 1293
5424 1342
5426 1462
5427 172
5427 789
5427 799
5432 733
5433 964
5433 1485
5433 1433
5436 1270
5437 911
5438 1477
5443 327
5444 1318
5445 1175
5452 182
5453 703
5454 173
5454 963
5458 1050
5461 1265
5463 826
5470 1184
5471 392
5473 607
5473 601
5478 511
5478 1241
5483 600
5483 658
5489 1491
5492 168
5497 760
5498 313
5501 201
5504 1104
5505 946
5507 470
5509 171
5509 294
5512 511
5513 1148
5516 703
5517 741
5517 1437
5524 1185
5526 1378
5527 1111
5530 1153
5531 1028
5534 1029
5537 1482
5540 753
5546 1416
5546 555
5547 812
5551 186
5556 127
5556 208
5557 519
5559 97
5565 1112
5566 1084
5568 1197
5569 1178
5573 306
5575 534
5576 370
5577 917
5578 399
5578 965
5583 515
5586 366
5586 1277
5587 190
5589 1478
5593 545
5593 1118
5594 279
5596 220
5597 1494
5598 1175
5598 249
5598 1498
5599 1411
5604 1041
5604 335
5604 1205
5606 426
5607 1284
5607 1206
5612 503
5612 1235
5614 671
5617 117
5617 1356
5619 1005
5620 258
5621 944
5621 1032
5621 1293
5624 1353
5624 1400
5625 849
5626 776
5626 993
5628 187
5628 422
5628 325
5632 1281
5632 387
5634 1248
5634 937
5636 1247
5637 1337
5640 1368
5646 209
5647 137
5649 1280
5650 243
5650 358
5650 344
5652 773
5654 1381
5654 1019
5656 776
5657 610
5659 999
5659 1460
5661 767
5661 1052
5662 851
5664 1211
5672 1356
5673 1478
5676 1316
5680 1462
5680 157
5681 1073
5684 857
5685 827
5686 665
5686 1145
5695 235
5695 615
5697 334
5698 1124
5699 1103
5703 835
5704 543
5707 847
5708 373
5709 1175
5711 364
5712 1347
5713 896
5713 1484
5717 783
5717 134
5722 607
5722 1259
5723 811
5727 1392
5729 1069
5732 541
5735 738
5738 1184
5739 1394
5740 344
5745 780
5745 649
5746 867
5748 1249
5749 380
5749 457
5752 140
5756 257
5763 710
5763 250
5764 281
5773 986
5775 121
5778 884
5781 1273
5784 572
5789 107
5791 91
5792 670
5792 1232
5792 1240
5793 1347
5800 301
5801 1289
5803 177
5806 1182
5806 72
5807 519
5809 385
5811 1150
5813 222
5816 416
5823 122
5824 1495
5826 1362
5826 512
5831 1070
5832 435
5832 271
5837 167
5837 680
5837 332
5839 1436
5841 681
5842 1079
5844 654
5844 259
5845 119
5850 653
5850 253
5854 353
5858 495
5859 85
5860 345
5862 891
5863 1491
5863 178
5864 1396
5866 973
5867 1086
5874 104
5878 775
5881 1450
5884 189
5886 190
5886 1209
5888 1044
5891 516
5894 122
5900 790
5902 973
5903 605
5904 969
5906 753
5909 797
5909 701
5909 128
5915 765
5918 1079
5920 102
5921 173
5923 608
5923 191
5924 1205
5924 932
5927 610
5931 1390
5933 582
5933 318
5935 659
5937 1456
5938 266
5939 827
5941 1047
5944 1310
5945 1367
5947 1473
5948 324
5949 1128
5950 1119
5951 669
5951 1378
5955 1452
5960 157
5960 755
5961 296
5963 1201
5963 304
5964 616
5966 396
5968 372
5969 643
5970 395
5972 1201
5972 845
5975 115
5975 694
5976 435
5976 177
5980 1129
5983 1242
5986 1357
5989 1047
5989 839
5991 264
5992 831
5994 305
5995 897
5996 93
5998 960
5999 247
6000 838
6000 813
6001 626
6001 747
6002 282
6003 472
6003 457
6004 1194
6004 1362
6007 691
6007 434
6008 1098
6008 527
6009 68
6009 168
6016 1377
6016 272
6017 993
6017 1143
6019 1295
6026 1107
6026 364
6027 1166
6028 665
6029 436
6030 860
6031 653
6032 1463
6033 662
6039 490
6044 529
6047 412
6048 972
6049 1088
6050 640
6062 739
6068 114
6072 930
6072 1049
6072 172
6074 854
6075 947
6075 251
6077 420
6077 1232
6079 1261
6080 829
6081 1255
6083 599
6083 528
6086 695
6087 1090
6088 193
6089 100
6092 194
6094 451
6095 1283
6099 588
6099 1447
6102 590
6102 1469
6104 822
6104 552
6105 928
6106 1328
6107 683
6111 1461
6112 890
6116 583
6117 652
6121 159
6121 688
6126 1461
6130 452
6131 263
6132 624
6132 1029
6138 139
6139 303
6141 1338
6142 1334
6144 667
6146 1497
6147 701
6148 375
6149 783
6149 1489
6153 455
6155 338
6156 234
6158 1119
6159 790
6163 789
6164 1117
6164 1316
6171 631
6174 213
6176 91
6177 1351
6189 1081
6191 1344
6191 557
6193 1368
6193 1109
6195 884
6201 842
6204 921
6205 1220
6206 574
6207 1316
6209 226
6209 1399
6209 897
6210 327
6213 638
6215 67
6217 434
6219 354
6219 162
6221 1198
6224 208
6225 1447
6226 531
6227 306
6227 187
6229 188
6230 532
6230 623
6230 1324
6233 988
6234 359
6238 1207
6239 897
6244 421
6244 911
6247 1308
6248 429
6250 369
6251 760
6252 381
6253 792
6257 442
6258 592
6260 1008
6261 903
6262 865
6265 469
6265 416
6266 445
6267 182
6270 598
6272 411
6273 1433
6273 409
6273 255
6274 592
6275 480
6277 298
6278 863
6280 797
6283 1034
6284 847
6285 368
6285 1368
6286 1135
6287 1242
6289 162
6290 956
6290 878
6293 970
6293 282
6294 1077
6296 971
6297 1372
6297 532
6298 1052
6299 587
6299 1363
6301 1125
6304 231
6304 624
6305 1405
6307 942
6309 826
6309 252
6312 429
6313 113
6315 1087
6317 749
6322 633
6324 1113
6324 1315
6325 65
6326 1439
6326 348
6328 778
6330 400
6331 316
6335 163
6336 1248
6337 904
6338 1136
6338 668
6340 814
6341 761
6342 147
6343 788
6347 823
6348 576
6349 1141
6350 1492
6350 277
6355 575
6356 563
6357 1487
6361 809
6362 883
6364 693
6365 147
6366 1204
6368 1388
6375 1149
6376 892
6378 1103
6379 485
6384 587
6386 259
6387 1273
6388 1152
6389 679
6392 1201
6393 706
6397 571
6397 820
6399 1076
6399 504
6400 693
6406 894
6406 167
6408 1168
6409 1379
6410 1405
6410 620
6411 777
6411 1041
6411 1439
6413 273
6419 1004
6422 839
6423 281
6424 1025
6427 1162
6427 547
6427 765
6428 135
6428 99
6430 1009
6430 496
6431 1256
6431 104
6432 1039
6433 1290
6433 363
6438 111
6438 832
6439 287
6441 816
6443 877
6444 996
6444 372
6448 521
6449 500
6452 938
6454 231
6456 790
6457 1394
6457 1314
6462 243
6464 737
6465 840
6466 460
6468 529
6468 1282
6470 468
6471 617
6475 1214
6479 545
6479 952
6481 1202
6483 904
6484 1255
6484 1189
6486 1432
6488 794
6489 829
6490 826
6496 618
6496 916
6496 1261
6498 768
6498 86
6502 195
6505 109
6508 1162
6509 309
6509 445
6513 1246
6516 598
6517 542
6517 332
6518 626
6520 1391
6525 695
6527 1249
6527 111
6527 564
6528 1428
6528 952
6530 1441
6530 1306
6530 900
6532 665
6533 1181
6533 240
6534 1287
6535 1410
6535 613
6535 167
6538 1005
6547 353
6547 474
6548 1055
6549 1159
6552 1071
6553 582
6553 873
6556 517
6558 220
6559 1475
6560 1175
6560 930
6561 1295
6562 1386
6564 507
6564 100
6565 227
6565 1382
6568 1284
6569 352
6569 1371
6573 1497
6573 495
6578 76
6582 1381
6584 303
6585 1266
6587 528
6590 580
6590 1455
6591 404
6594 179
6594 1457
6595 590
6595 724
6596 286
6597 1094
6597 751
6600 667
6600 637
6602 1499
6602 333
6603 1079
6605 984
6606 738
6609 1334
6611 313
6613 1099
6615 937
6618 1150
6619 815
6620 1200
6621 876
6622 880
6624 577
6625 1126
6629 277
6637 544
6637 1021
6639 1328
6641 948
6641 600
6641 122
6642 1345
6643 537
6644 1371
6648 1399
6651 428
6654 512
6657 470
6657 1143
6657 1461
6664 934
6664 805
6666 620
6667 689
6669 452
6671 134
6673 742
6673 880
6676 1207
6679 142
6679 1342
6679 482
6682 1164
6685 666
6686 211
6687 1235
6688 473
6689 1443
6692 106
6693 349
6695 256
6697 570
6698 397
6700 245
6701 290
6704 380
6705 1290
6709 375
6710 437
6710 1410
6718 821
6718 797
6720 909
6721 1043
6721 593
6723 567
6728 900
6730 400
6731 427
6732 1194
6737 1468
6738 1349
6740 368
6744 1031
6745 311
6748 271
6750 726
6751 1221
6752 895
6752 994
6753 1396
6754 423
6754 297
6755 179
6758 1452
6758 776
6758 855
6759 827
6759 660
6760 1006
6761 1019
6765 829
6768 272
6769 831
6769 974
6777 644
6781 1028
6783 1137
6786 1008
6787 759
6792 765
6792 1264
6793 820
6793 1093
6795 1251
6796 1421
6796 1408
6802 881
6804 489
6805 178
6805 905
6806 377
6808 137
6814 357
6821 885
6825 905
6825 153
6826 827
6826 857
6826 213
6830 992
6831 820
6835 91
6835 121
6837 100
6838 408
6841 1166
6842 433
6845 1375
6848 1336
6848 922
6849 369
6849 1144
6849 1185
6849 373
6849 225
6849 279
6849 682
6849 1359
6849 1442
6850 625
6850 1076
6850 1250
6850 1496
6850 267
6850 423
6850 948
6850 1061
6850 952
6850 598
6850 245
6850 595
6850 1292
6851 633
6851 257
6851 253
6851 1270
6851 259
6851 787
6851 1219
6851 1289
6851 301
6851 1117
6851 1197
6851 1406
6851 476
6852 1114
6852 1202
6852 1407
6852 321
6852 860
6852 619
6852 585
6852 1353
6852 1178
6852 77
6853 914
6853 253
6853 1417
6853 702
6853 131
6853 1246
6854 77
6854 1119
6854 1104
6854 649
6855 439
6856 262
6857 242
6858 1464
6859 1492
6862 757
6862 143
6863 1484
6864 116
6864 648
6864 463
6866 763
6866 583
6868 369
6870 274
6871 1277
6872 1128
6874 839
6875 1065
6875 1460
6879 761
6880 206
6882 822
6886 184
6889 1381
6890 1486
6895 1220
6898 658
6901 806
6902 664
6902 840
6904 513
6907 1142
6909 813
6909 297
6910 809
6910 1145
6911 317
6912 978
6913 181
6915 163
6918 114
6918 1402
6919 726
6921 828
6925 986
6925 1055
6925 1244
6926 1337
6926 1466
6927 266
6928 492
6928 1242
6929 1402
6930 1498
6932 857
6934 931
6939 720
6939 1376
6940 265
6941 879
6941 996
6942 138
6942 938
6947 65
6947 1289
6950 965
6952 72
6953 1404
6958 141
6960 109
6960 811
6962 120
6962 864
6963 716
6965 85
6969 621
6969 785
6979 1055
6979 521
6984 1307
6985 727
6988 158
6988 446
6989 1361
6990 1403
6993 1011
6996 222
7002 611
7003 855
7006 405
7009 632
7009 454
7010 790
7013 426
7017 200
7018 657
7020 514
7022 108
7025 90
7027 241
7031 138
7032 1204
7032 1215
7033 773
7034 1132
7034 719
7035 1383
7035 335
7036 1471
7037 1330
7042 96
7043 1324
7044 1410
7045 1379
7051 665
7052 1112
7056 1041
7057 127
7058 469
7060 1043
7060 93
7061 1258
7062 1323
7066 148
7067 1141
7069 483
7073 708
7074 1192
7074 672
7075 1006
7077 245
7082 1146
7084 1358
7086 1391
7086 1168
7086 123
7088 636
7092 1167
7094 943
7094 1062
7094 1468
7095 399
7095 1298
7096 607
7100 398
7101 1141
7101 1167
7106 1012
7110 634
7113 775
7116 665
7116 359
7117 1313
7119 502
7120 118
7122 981
7122 392
7125 1135
7126 1434
7127 1475
7127 988
7127 1160
7133 359
7135 873
7137 1445
7138 1079
7140 305
7147 1126
7152 535
7153 1043
7153 673
7155 631
7155 542
7158 812
7159 797
7159 721
7161 240
7163 1000
7164 1049
7169 838
7170 260
7173 1319
7174 585
7176 910
7186 606
7190 99
7191 405
7192 1207
7198 1168
7198 1060
7200 644
7201 1192
7204 400
7204 642
7208 1185
7209 1134
7211 370
7214 1255
7216 1273
7217 293
7217 1459
7220 307
7220 803
7220 1491
7222 1297
7222 1372
7222 1221
7223 100
7223 1377
7226 332
7226 252
7226 1046
7228 475
7231 1111
7234 793
7235 544
7236 967
7239 1014
7239 557
7240 399
7241 896
7243 570
7243 1009
7246 874
7248 1465
7249 1180
7250 403
7256 308
7256 984
7258 214
7259 1083
7260 1046
7260 236
7262 1051
7262 553
7263 970
7264 667
7268 809
7269 329
7270 1340
7272 158
7274 1138
7274 253
7275 845
7275 348
7276 612
7282 616
7284 415
7285 417
7286 735
7286 617
7287 1042
7288 671
7289 275
7291 232
7292 1049
7295 1390
7295 1465
7303 103
7303 731
7308 1492
7308 900
7309 1111
7313 551
7315 869
7320 1055
7326 1238
7332 540
7334 614
7336 791
7336 1466
7338 933
7338 1408
7339 1233
7340 248
7341 160
7342 675
7342 220
7343 691
7344 646
7345 821
7348 1408
7351 342
7354 152
7355 495
7359 1101
7362 1099
7363 568
7366 1263
7367 1303
7367 682
7369 1312
7369 65
7374 949
7376 840
7377 416
7377 123
7379 1275
7381 654
7384 1328
7385 625
7386 1429
7387 139
7390 438
7391 916
7393 731
7395 1045
7396 840
7397 564
7397 1111
7397 945
7398 283
7399 284
7401 495
7401 575
7401 969
7405 971
7407 1334
7408 1273
7411 1467
7413 1141
7413 1005
7416 1302
7417 158
7418 1316
7418 898
7418 1097
7419 122
7421 1112
7421 875
7422 1003
7423 1089
7424 987
7426 1362
7427 1036
7432 884
7433 1257
7433 524
7437 81
7438 239
7438 202
7441 952
7443 470
7447 148
7451 825
7454 375
7462 1007
7462 488
7464 456
7464 1073
7465 394
7465 1334
7465 397
7466 1431
7467 1405
7468 854
7468 694
7469 514
7473 406
7475 1288
7475 417
7476 860
7478 169
7478 346
7479 1195
7479 1284
7483 1228
7486 1300
7487 338
7488 1147
7488 748
7493 334
7493 1093
7493 180
7495 712
7496 961
7497 99
7499 744
7500 401
7500 1084
7513 569
7514 1090
7516 594
7518 811
7519 144
7522 1289
7523 1131
7529 108
7533 802
7534 102
7537 1103
7539 1415
7540 168
7542 724
7543 1225
7543 350
7544 576
7547 1433
7548 492
7550 861
7550 176
7553 433
7559 394
7559 383
7560 139
7560 446
7565 1356
7566 790
7567 927
7568 1242
7572 322
7576 314
7576 391
7582 74
7583 872
7583 286
7587 611
7593 486
7598 695
7599 138
7600 700
7600 1220
7604 803
7605 569
7605 233
7606 907
7608 1091
7611 327
7612 1440
7615 757
7619 1226
7623 754
7627 265
7628 880
7632 540
7633 1299
7636 843
7638 874
7638 641
7639 628
7639 453
7640 707
7640 1232
7640 162
7640 317
7641 1062
7641 381
7641 234
7641 390
7641 646
7641 158
7641 667
7641 975
7641 375
7641 985
7641 1065
7641 1383
7642 772
7642 1460
7642 508
7642 188
7642 686
7642 510
7642 289
7642 182
7642 756
7642 1062
7642 467
7642 356
7642 871
7642 1079
7642 1194
7643 553
7643 989
7643 146
7643 168
7643 638
7643 210
7643 1437
7643 1162
7643 498
7643 1189
7644 1401
7644 1361
7644 1364
7644 266
7644 885
7644 985
7644 1213
7644 1228
7644 1446
7644 227
7647 575
7647 423
7648 999
7650 1039
7650 1378
7653 1131
7654 685
7657 936
7659 1281
7661 861
7664 215
7670 753
7670 1354
7670 92
7672 1376
7675 1288
7682 745
7682 891
7683 1209
7684 1014
7688 837
7689 287
7690 1009
7690 1433
7693 959
7693 1356
7694 1330
7694 1012
7696 520
7696 536
7696 1065
7699 654
7701 1130
7703 1458
7706 322
7710 1150
7711 840
7711 386
7712 254
7713 537
7715 215
7716 347
7716 900
7717 182
7720 543
7721 108
7721 813
7723 1043
7723 882
7727 71
7731 839
7737 599
7737 678
7738 889
7739 125
7741 927
7742 1073
7745 1165
7746 999
7747 524
7754 277
7755 520
7756 387
7759 141
7759 1175
7760 1415
7761 1282
7761 156
7761 168
7764 1086
7765 756
7766 252
7769 131
7770 1289
7773 453
7773 343
7773 267
7775 1462
7777 610
7785 171
7787 240
7787 878
7787 1154
7787 875
7788 549
7789 82
7789 725
7790 879
7792 408
7795 1024
7798 1376
7799 499
7800 273
7800 1340
7800 908
7801 171
7802 932
7803 806
7804 1032
7808 947
7809 902
7810 148
7810 121
7814 468
7817 602
7820 193
7822 344
7822 495
7823 537
7824 256
7824 1258
7825 228
7825 1310
7826 559
7826 1081
7827 154
7828 999
7829 856
7835 713
7836 1239
7836 581
7836 1404
7838 730
7844 1185
7845 1475
7848 484
7850 465
7851 940
7852 341
7854 985
7856 138
7856 382
7857 108
7857 504
7857 1002
7863 1050
7864 1214
7868 764
7873 850
7874 1211
7874 703
7880 1295
7881 1500
7882 944
7884 1075
7887 862
7887 620
7888 1180
7889 933
7890 407
7893 779
7894 160
7894 859
7898 772
7900 190
7901 499
7903 726
7905 1363
7906 831
7908 1116
7909 387
7913 91
7916 1017
7918 1135
7918 873
7921 1388
7926 267
7927 758
7928 971
7931 441
7935 94
7946 301
7949 1177
7949 135
7950 283
7951 1492
7952 1287
7956 165
7959 807
7965 232
7966 1221
7969 343
7969 642
7972 1239
7972 1200
7973 1109
7974 1257
7976 238
7980 978
7980 248
7982 477
7982 676
7988 513
7988 1426
7989 476
7992 1088
7993 672
7994 1443
7995 848
7998 732
7998 1372
8000 537
8000 1209
8001 849
8002 300
8004 902
8007 1318
8010 1176
8011 1290
8011 837
8013 1111
8014 432
8018 946
8020 170
8020 349
8020 1087
8022 203
8023 467
8026 1207
8027 907
8027 104
8028 311
8029 330
8031 1089
8034 1049
8037 1249
8038 1304
8044 786
8047 853
8047 917
8048 1462
8048 431
8051 892
8052 373
8053 1333
8055 1022
8056 1256
8056 1458
8058 171
8059 978
8059 763
8060 1331
8060 822
8063 582
8064 1367
8064 1278
8074 206
8075 113
8076 601
8076 1385
8079 593
8080 438
8080 1190
8080 1125
8089 1478
8092 822
8092 1390
8093 1320
8095 769
8096 944
8097 265
8097 1041
8098 852
8099 911
8100 1217
8100 817
8102 377
8105 1167
8105 115
8106 1019
8109 410
8109 136
8110 355
8110 665
8110 971
8114 1382
8117 450
8125 442
8126 1154
8128 364
8129 128
8130 1481
8132 1251
8132 1026
8133 512
8133 886
8135 624
8138 963
8139 254
8139 430
8140 1429
8142 570
8142 1065
8142 1425
8143 340
8144 378
8145 1069
8146 1175
8148 479
8152 126
8152 1375
8155 1433
8155 689
8159 961
8161 634
8162 112
8170 103
8170 610
8173 727
8175 654
8175 656
8176 489
8177 172
8180 114
8185 167
8185 960
8185 645
8188 210
8188 1263
8189 112
8193 629
8194 524
8196 76
8197 1152
8198 1300
8200 546
8200 422
8202 479
8202 272
8204 1427
8207 1284
8208 1138
8215 543
8216 939
8217 914
8218 1162
8221 1203
8223 1248
8224 233
8225 297
8225 467
8226 1401
8227 1432
8230 950
8232 200
8232 920
8234 1253
8234 330
8235 554
8236 1114
8236 1423
8237 694
8240 1198
8241 92
8242 1028
8249 293
8249 325
8250 514
8252 630
8253 249
8253 365
8254 1196
8255 1151
8255 831
8261 1028
8262 930
8263 793
8264 205
8265 582
8269 475
8269 102
8271 1048
8272 868
8274 1334
8274 418
8279 563
8280 1437
8281 410
8282 70
8283 574
8284 160
8286 376
8289 337
8289 210
8294 966
8297 158
8301 1469
8301 108
8301 243
8304 752
8306 934
8307 946
8307 1225
8312 575
8313 1025
8314 1281
8317 982
8317 262
8317 220
8321 1082
8321 849
8322 435
8323 1317
8328 1319
8331 367
8331 1483
8332 1110
8335 1289
8337 793
8341 1104
8341 889
8341 1383
8344 1301
8345 1488
8345 915
8346 1002
8346 1195
8347 975
8351 251
8352 808
8352 188
8353 536
8355 765
8361 1371
8364 1286
8368 628
8369 1295
8370 1366
8372 337
8373 1120
8374 835
8375 360
8375 955
8376 1394
8378 966
8380 700
8382 530
8388 384
8389 1408
8396 843
8397 650
8399 563
8399 774
8399 1205
8400 1449
8400 588
8403 386
8405 719
8410 648
8411 762
8412 928
8415 271
8416 726
8417 1053
8418 1011
8419 1409
8421 325
8423 1328
8424 153
8425 1476
8430 1386
8430 162
8432 967
8437 1080
8438 106
8444 1208
8445 1345
8445 1083
8448 252
8448 735
8449 380
8450 1011
8451 1398
8453 1007
8462 1315
8464 877
8464 413
8464 1318
8467 401
8468 187
8470 587
8471 1353
8472 766
8473 1492
8474 241
8474 982
8476 105
8476 416
8476 468
8477 250
8478 494
8480 929
8483 967
8484 1390
8485 690
8485 808
8486 341
8488 446
8488 1276
8489 312
8489 1283
8492 1458
8494 1336
8494 223
8494 676
8495 826
8495 876
8496 762
8499 1319
8500 201
8501 551
8502 143
8503 1309
8503 893
8503 534
8504 259
8510 636
8511 1174
8511 359
8514 828
8514 1388
8518 1048
8521 734
8524 1054
8525 474
8527 898
8527 452
8529 1028
8534 650
8535 1448
8535 297
8537 1343
8539 1377
8540 353
8543 1402
8545 1403
8547 775
8549 870
8553 1357
8557 292
8560 396
8561 851
8562 1046
8563 302
8565 1169
8565 204
8568 1308
8568 1397
8574 1155
8575 996
8577 561
8579 303
8587 1410
8588 1488
8589 316
8589 1040
8592 655
8593 86
8594 434
8594 127
8597 319
8599 1325
8600 141
8600 226
8600 1120
8602 271
8602 191
8603 154
8604 571
8605 893
8607 170
8617 1256
8618 451
8619 648
8619 1206
8620 578
8620 1210
8624 1480
8624 960
8625 1476
8629 1476
8632 1157
8632 275
8632 526
8634 847
8635 708
8635 206
8636 561
8637 1477
8639 983
8647 1389
8648 1457
8651 554
8659 1108
8667 1159
8674 1055
8674 994
8675 311
8678 958
8680 485
8680 1184
8684 1053
8685 782
8685 448
8687 819
8688 824
8689 969
8691 917
8693 903
8693 1486
8693 1270
8694 959
8694 781
8696 1249
8697 1418
8697 266
8698 559
8704 179
8704 1226
8705 836
8714 1321
8714 1214
8715 1257
8716 1125
8722 196
8726 68
8726 787
8727 1126
8729 198
8729 1298
8730 850
8733 1411
8734 1498
8737 1208
8739 788
8740 1346
8742 347
8747 746
8747 617
8748 555
8751 71
8754 977
8754 746
8755 457
8756 871
8756 305
8756 293
8757 1224
8759 1382
8760 1141
8762 1073
8763 1128
8763 1317
8765 1090
8768 137
8768 890
8768 99
8771 808
8771 314
8771 284
8773 946
8775 571
8775 1274
8775 245
8776 916
8776 1335
8778 916
8778 1423
8779 1154
8780 1293
8782 80
8785 582
8786 715
8786 204
8793 1104
8796 680
8801 758
8802 1180
8803 496
8807 249
8808 1368
8810 389
8814 827
8815 288
8815 1423
8818 439
8819 68
8819 1088
8820 1335
8822 1133
8825 839
8828 1333
8828 885
8829 995
8830 1092
8831 1223
8831 386
8835 208
8836 1042
8839 463
8842 1188
8847 456
8847 122
8849 926
8852 437
8854 918
8855 1480
8855 974
8855 1395
8856 1408
8857 1218
8857 686
8857 548
8858 1328
8859 983
8860 559
8863 1019
8865 828
8866 528
8870 1337
8870 1244
8872 953
8872 1478
8874 502
8874 983
8875 1454
8877 1464
8884 237
8884 1243
8885 1422
8887 1128
8891 989
8892 708
8893 796
8893 925
8894 894
8896 1248
8896 610
8897 1357
8898 1405
8899 1237
8900 780
8902 370
8902 846
8903 1000
8904 1177
8905 786
8907 715
8907 1120
8908 454
8910 638
8911 343
8911 754
8913 1264
8914 1016
8915 85
8918 1302
8918 1096
8921 974
8922 444
8924 654
8927 1185
8927 243
8927 882
8927 1190
8932 1239
8936 586
8939 612
8942 362
8942 1251
8945 1110
8945 271
8945 727
8946 284
8946 250
8948 77
8951 101
8958 1289
8961 259
8963 918
8964 386
8965 623
8965 856
8968 775
8968 1383
8969 1454
8970 281
8970 276
8971 413
8974 1439
8980 692
8980 1440
8982 240
8984 637
8984 266
8984 1229
8984 1174
8985 1352
8986 230
8986 829
8986 318
8990 1042
8991 1130
8995 455
8995 102
8996 1304
9000 542
9000 894
9003 1183
9004 747
9006 1124
9009 687
9012 323
9015 707
9016 892
9017 1427
9019 246
9022 214
9023 1135
9023 1047
9025 1274
9028 1032
9028 249
9030 196
9031 1188
9035 441
9037 1045
9041 1267
9046 528
9046 320
9048 1367
9048 359
9050 432
9052 853
9055 495
9059 895
9063 1098
9064 814
9067 713
9068 927
9069 563
9071 1078
9079 168
9079 1311
9079 625
9082 518
9083 1153
9084 761
9084 974
9084 1184
9093 836
9093 473
9096 1006
9098 672
9099 348
9101 456
9103 445
9105 197
9106 832
9106 1420
9109 830
9110 1175
9111 1065
9111 1450
9111 437
9111 544
9113 1346
9114 1140
9115 614
9115 1302
9116 436
9119 579
9121 1353
9121 1202
9124 1216
9125 1300
9127 353
9127 751
9127 397
9129 1433
9133 893
9137 942
9139 616
9143 1041
9145 1019
9147 1283
9148 73
9149 513
9149 844
9153 864
9156 825
9156 642
9159 467
9160 947
9165 936
9167 475
9168 892
9170 433
9172 1382
9172 514
9173 868
9174 1205
9175 958
9176 440
9180 417
9180 710
9182 502
9185 796
9187 1466
9188 422
9190 1081
9192 523
9194 728
9197 314
9199 200
9201 241
9204 1278
9205 648
9209 497
9210 191
9213 504
9214 154
9222 1126
9225 1089
9230 151
9233 261
9235 648
9235 1348
9241 385
9241 545
9243 462
9243 1237
9246 1234
9247 719
9250 716
9252 1173
9252 725
9252 1109
9253 700
9254 396
9256 442
9256 1392
9257 651
9257 1140
9258 1004
9258 235
9259 1454
9260 319
9261 269
9264 698
9264 1485
9266 282
9271 1274
9275 1364
9276 1095
9278 1313
9279 941
9282 1137
9285 779
9287 349
9287 1295
9289 1422
9290 870
9290 407
9294 432
9298 205
9298 495
9299 1103
9301 1337
9301 1499
9303 70
9304 953
9306 302
9311 382
9317 1416
9318 1119
9322 863
9325 440
9328 515
9330 484
9330 1151
9330 857
9336 1427
9339 313
9339 877
9340 1118
9341 255
9342 417
9344 1383
9344 714
9346 777
9347 222
9348 737
9348 172
9349 1151
9349 627
9349 1177
9350 1367
9353 508
9357 1093
9359 149
9359 710
9360 1218
9360 221
9362 150
9366 728
9366 796
9367 1087
9369 261
9370 1014
9372 345
9374 1169
9374 422
9375 876
9380 215
9381 797
9384 750
9386 179
9386 1119
9387 827
9392 997
9394 374
9397 821
9401 1117
9403 1421
9405 930
9405 1073
9406 990
9407 192
9409 743
9410 1264
9413 1362
9413 434
9418 729
9418 823
9418 322
9419 1452
9420 758
9424 739
9430 174
9431 888
9431 279
9434 692
9437 535
9437 1093
9438 1257
9441 747
9441 559
9447 446
9448 309
9450 923
9452 926
9453 735
9453 1345
9454 1188
9458 99
9458 129
9459 173
9466 395
9470 1331
9475 845
9476 947
9481 324
9482 319
9485 682
9486 782
9486 1309
9486 374
9493 332
9495 589
9496 1389
9496 1436
9497 596
9497 362
9498 237
9500 1460
9500 1222
9500 1277
9500 688
9502 1255
9506 1485
9507 686
9509 1412
9512 1066
9512 362
9514 1003
9515 244
9516 1446
9516 321
9519 643
9521 896
9522 494
9524 1102
9525 844
9525 147
9527 1275
9527 205
9527 905
9531 380
9531 124
9532 1430
9535 649
9539 1476
9544 108
9544 736
9549 763
9554 640
9555 472
9555 246
9556 1000
9560 1222
9561 485
9564 1031
9566 300
9567 1261
9567 1203
9573 521
9574 1432
9575 789
9576 854
9577 1066
9578 1054
9579 1209
9584 676
9585 694
9587 1277
9588 177
9588 374
9596 811
9596 1490
9597 364
9597 77
9598 906
9601 737
9603 326
9603 398
9607 1020
9607 788
9611 1486
9614 1461
9615 1163
9617 92
9622 505
9622 597
9623 260
9623 200
9623 1344
9623 860
9624 199
9628 1120
9629 855
9634 493
9635 743
9639 616
9639 461
9641 1293
9646 697
9648 1336
9648 1162
9648 707
9652 1171
9657 454
9660 854
9663 1318
9667 1115
9668 1196
9669 1242
9672 1125
9673 1193
9678 462
9678 511
9679 322
9680 689
9680 169
9682 326
9682 1421
9691 214
9692 1354
9696 1062
9698 1355
9701 765
9706 1325
9707 842
9709 1496
9713 1055
9717 308
9720 697
9722 312
9723 1027
9723 1117
9726 634
9728 396
9728 1479
9729 426
9733 1074
9734 1117
9739 1278
9742 1053
9742 1454
9743 247
9744 342
9746 122
9747 228
9748 1361
9748 1278
9749 1169
9749 99
9751 1392
9755 125
9755 560
9757 276
9759 419
9762 279
9765 189
9769 1270
9769 552
9771 948
9774 1250
9776 1014
9778 379
9779 393
9781 1375
9783 320
9784 120
9785 1166
9785 1006
9787 877
9791 86
9794 910
9799 1114
9801 536
9803 612
9804 858
9805 548
9807 229
9810 1348
9812 1154
9813 381
9818 431
9818 1278
9819 1361
9819 221
9821 1352
9822 1029
9822 233
9822 1284
9825 1092
9826 1295
9828 961
9828 695
9831 458
9837 1159
9838 205
9838 1213
9839 412
9844 340
9845 674
9846 1012
9846 336
9847 827
9847 906
9849 1365
9852 93
9855 907
9857 1358
9857 798
9857 1035
9857 1124
9858 801
9859 101
9861 448
9861 1193
9862 649
9865 467
9866 83
9866 978
9867 361
9868 1263
9868 913
9870 732
9875 480
9876 296
9884 316
9885 802
9886 308
9886 830
9888 1066
9889 826
9891 1459
9892 1241
9894 766
9896 824
9898 1218
9901 480
9901 196
9901 96
9904 1265
9905 1168
9905 873
9905 1228
9906 1493
9907 874
9908 1058
9910 1185
9915 281
9915 272
9918 1033
9920 481
9922 109
9922 400
9922 742
9925 484
9927 760
9936 1362
9936 928
9937 956
9937 197
9937 256
9938 1221
9943 1185
9946 456
9947 1343
9955 462
9956 1116
9957 1010
9959 729
9959 1299
9962 1307
9964 288
9965 1013
9967 538
9970 727
9970 1026
9971 1222
9972 792
9972 1300
9973 464
9974 121
9980 1091
9980 1405
9981 535
9983 758
9985 1045
9985 562
9987 1458
9989 104
9991 996
9991 327
9994 1276
9994 1104
9995 1433
9998 888
10001 1280
10001 1023
10003 645
10005 79
10006 1481
10009 1208
10009 368
10011 445
10012 185
10015 1190
10016 532
10017 519
10018 144
10025 407
10026 927
10028 151
10028 683
10028 872
10028 837
10028 670
10028 731
10031 1082
10031 401
10033 1141
10033 729
10033 442
10036 847
10037 1394
10038 1255
10038 1463
10039 1480
10040 507
10040 66
10041 606
10041 1005
10043 1353
10047 913
10048 869
10048 617
10050 78
10051 1434
10051 1091
10055 529
10056 1215
10057 1201
10061 166
10061 1129
10062 913
10063 163
10066 1293
10066 288
10069 1463
10071 1460
10071 1480
10071 1056
10072 444
10078 751
10078 461
10078 1070
10079 922
10080 573
10083 1077
10085 1071
10086 1211
10089 1091
10090 948
10092 1159
10093 1398
10095 141
10095 1263
10095 774
10097 1378
10100 1189
10104 592
10106 420
10108 1093
10109 1457
10113 1242
10113 1246
10116 860
10116 1491
10118 1462
10118 471
10120 869
10122 75
10123 1051
10126 1303
10130 1353
10130 322
10132 260
10136 197
10137 284
10137 259
10138 841
10138 1081
10139 922
10140 1409
10141 817
10142 1215
10143 493
10144 899
10145 1293
10146 603
10148 1405
10148 1082
10149 552
10149 590
10153 1462
10156 136
10158 549
10159 703
10162 546
10164 514
10166 841
10170 672
10170 832
10173 576
10176 570
10177 1114
10180 1164
10181 252
10184 1367
10185 735
10188 805
10194 235
10198 117
10198 160
10203 538
10214 269
10215 1035
10220 412
10222 1029
10223 892
10223 666
10232 944
10233 909
10235 1114
10236 612
10236 1425
10240 892
10242 850
10243 826
10245 1251
10246 1257
10250 1486
10252 1425
10253 1060
10254 1063
10257 591
10258 1362
10261 819
10262 72
10267 571
10267 878
10267 330
10269 526
10270 518
10271 948
10272 1499
10277 426
10277 197
10280 1191
10280 579
10281 287
10282 83
10284 729
10287 1250
10287 783
10293 821
10295 987
10296 235
10297 347
10298 1361
10299 810
10299 637
10301 363
10303 1492
10304 670
10305 651
10307 383
10307 803
10307 1044
10309 711
10309 925
10309 721
10310 422
10312 864
10314 1068
10314 1243
10316 1304
10317 536
10318 914
10322 740
10322 516
10326 330
10326 951
10328 800
10330 925
10331 684
10331 1433
10332 1091
10334 552
10335 1413
10337 1130
10339 977
10342 884
10342 1238
10342 1401
10342 1483
10342 1233
10346 988
10352 1279
10353 447
10354 686
10357 73
10358 436
10358 1411
10366 728
10366 1133
10367 1347
10367 1166
10367 310
10368 1459
10375 203
10377 781
10377 156
10383 460
10389 1189
10389 959
10391 612
10395 314
10396 784
10402 963
10402 122
10403 195
10403 549
10405 1022
10405 525
10406 422
10407 1017
10407 1410
10408 66
10408 1189
10413 1253
10418 870
10418 110
10421 848
10421 99
10423 775
10423 1476
10427 1152
10428 520
10431 1379
10432 438
10432 1329
10433 308
10433 652
10434 1388
10434 730
10438 672
10438 511
10439 593
10440 1022
10443 969
10443 630
10443 108
10444 677
10447 1488
10448 1009
10449 491
10450 1479
10450 175
10451 786
10456 864
10457 1370
10458 970
10460 429
10463 160
10464 983
10465 1454
10468 1305
10470 1379
10471 569
10473 485
10473 661
10474 587
10476 225
10478 378
10478 87
10480 282
10481 1332
10486 661
10494 180
10500 1397
10506 394
10507 975
10507 68
10508 942
10509 873
10514 1163
10516 820
10518 66
10519 1118
10520 850
10521 771
10522 97
10522 1404
10522 627
10523 677
10525 711
10527 100
10528 564
10528 1495
10529 480
10531 1222
10533 1203
10534 269
10536 549
10537 365
10539 1178
10539 301
10542 1432
10542 1356
10542 228
10543 1409
10547 1419
10548 1315
10548 568
10548 1253
10549 352
10551 567
10555 1466
10557 1246
10562 1183
10564 755
10568 556
10568 1490
10581 69
10582 1036
10584 771
10586 1125
10588 810
10590 175
10591 746
10592 1386
10594 1195
10594 510
10595 508
10595 337
10596 284
10597 1358
10598 649
10601 159
10601 168
10601 738
10602 1385
10604 566
10604 1429
10605 594
10606 1382
10608 1177
10610 266
10612 103
10612 1114
10613 709
10613 780
10617 337
10622 688
10624 1357
10625 752
10627 118
10629 1118
10629 549
10632 1393
10633 721
10634 116
10637 898
10638 655
10642 1321
10646 688
10648 1337
10649 580
10653 1439
10653 1306
10654 1125
10659 1043
10663 335
10665 64
10665 1244
10666 140
10668 220
10669 126
10670 433
10672 506
10672 903
10673 529
10674 725
10677 1191
10679 961
10681 660
10681 1402
10687 758
10688 94
10689 903
10690 480
10693 850
10693 487
10694 1389
10694 1042
10695 806
10696 310
10696 541
10705 780
10706 684
10707 1231
10708 419
10709 390
10710 565
10711 752
10711 309
10712 1361
10714 1475
10715 1226
10716 256
10719 924
10723 228
10725 189
10727 1163
10735 996
10736 120
10737 866
10741 1332
10741 1473
10742 1351
10750 769
10750 103
10754 611
10755 564
10759 936
10759 1345
10759 1161
10762 255
10763 796
10766 781
10771 1468
10774 1419
10774 1121
10780 396
10781 180
10783 1048
10784 676
10784 526
10784 1087
10784 317
10786 1106
10787 321
10788 134
10789 736
10790 1209
10791 942
10793 483
10793 951
10795 1040
10795 770
10796 1337
10799 958
10799 110
10799 83
10801 855
10805 377
10806 916
10807 1365
10809 349
10809 1450
10809 612
10810 974
10810 430
10812 482
10819 327
10820 828
10820 498
10827 880
10827 422
10828 99
10828 1374
10828 1218
10829 665
10829 964
10831 128
10832 159
10835 362
10835 313
10835 1384
10835 107
10836 211
10836 631
10840 1353
10841 1326
10842 645
10846 201
10847 518
10849 773
10849 1315
10851 112
10856 1386
10857 107
10858 164
10860 1182
10863 1150
10863 1214
10863 190
10866 1159
10868 1479
10870 622
10871 763
10871 1040
10871 132
10873 260
10875 1426
10880 241
10883 717
10885 1236
10887 656
10892 706
10892 781
10894 447
10899 131
10906 518
10908 948
10913 537
10916 1061
10917 925
10920 571
10921 282
10923 235
10924 762
10924 1493
10926 239
10929 950
10931 1341
10933 671
10935 293
10940 985
10941 868
10942 271
10947 749
10948 1094
10950 718
10952 1370
10952 835
10954 434
10955 215
10959 1244
10960 876
10961 402
10962 302
10964 870
10964 431
10968 607
10969 1269
10969 198
10969 957
10969 1331
10970 1262
10970 1463
10970 1132
10970 1267
10971 689
10971 1362
10971 550
10971 1031
10971 780
10971 796
10971 255
10971 1293
10971 87
10971 115
10971 1004
10972 873
10972 877
10972 1482
10972 1286
10972 710
10972 1217
10972 1117
10972 873
10972 213
10972 1392
10972 135
10972 788
10972 1430
10972 625
10973 106
10973 229
10973 690
10973 512
10973 117
10973 233
10974 857
10974 1333
10974 1206
10974 1307
10974 1433
10974 522
10975 512
10975 804
10975 233
10975 762
10975 86
10975 1169
10975 997
10975 1495
10988 67
10988 215
10990 866
10990 263
10991 979
10991 132
10992 1413
10992 266
10998 596
11001 146
11004 1170
11004 577
11014 1398
11014 1223
11015 1279
11017 1095
11020 848
11022 1300
11023 550
11023 740
11029 1272
11029 1282
11030 469
11032 1259
11033 1435
11039 461
11040 1003
11040 513
11042 605
11044 1224
11044 912
11044 1385
11046 912
11047 1385
11055 405
11056 863
11060 407
11062 75
11062 678
11062 329
11065 776
11067 1124
11068 186
11068 198
11070 143
11071 369
11072 1326
11075 1033
11076 1206
11076 1395
11077 1222
11077 1249
11080 1486
11080 172
11080 1408
11092 925
11093 200
11094 1453
11097 426
11103 525
11105 115
11106 531
11107 1274
11115 1009
11116 158
11117 644
11120 160
11121 1247
11121 1449
11124 552
11129 855
11129 1310
11132 1158
11133 616
11134 1173
11135 72
11137 276
11137 147
11138 1291
11140 586
11143 799
11146 1115
11146 322
11150 1074
11150 252
11155 669
11158 129
11158 1456
11160 299
11161 276
11162 187
11162 1025
11165 112
11167 1083
11168 1353
11168 179
11168 468
11171 1048
11175 946
11176 131
11176 780
11180 162
11185 75
11186 705
11189 74
11192 1259
11192 1311
11196 1052
11199 688
11199 334
11202 677
11203 387
11203 1275
11206 411
11206 1351
11207 196
11209 967
11209 1257
11211 823
11211 1314
11212 646
11215 1151
11216 1378
11219 470
11221 594
11229 952
11232 1154
11234 1313
11237 929
11238 366
11242 737
11245 797
11251 176
11252 1240
11253 1096
11255 616
11256 160
11257 1450
11257 1306
11260 863
11261 898
11261 178
11265 481
11266 1078
11266 677
11268 364
11269 295
11269 220
11271 1028
11271 1297
11273 573
11274 744
11274 879
11276 634
11277 509
11280 795
11281 1467
11282 354
11284 190
11285 535
11288 839
11288 811
11289 175
11290 1096
11297 1257
11298 506
11298 730
11300 994
11302 1370
11303 1079
11303 1044
11305 484
11305 465
11307 619
11308 76
11310 459
11313 551
11314 899
11318 408
11319 1466
11321 1345
11323 618
11329 289
11331 629
11336 180
11337 719
11341 773
11344 882
11344 446
11347 292
11348 1275
11349 1497
11353 1359
11353 537
11353 1115
11353 248
11357 1389
11357 266
11363 490
11364 377
11366 678
11367 187
11370 750
11371 867
11372 891
11372 1005
11373 529
11375 1143
11380 1207
11380 1179
11383 701
11384 132
11384 856
11387 1213
11388 410
11388 260
11389 859
11390 1210
11392 223
11396 269
11399 107
11399 204
11399 1250
11402 922
11404 1253
11409 814
11409 425
11410 158
11412 1352
11413 908
11420 654
11423 780
11424 879
11428 1120
11430 1150
11433 654
11436 513
11436 884
11436 294
11437 1195
11438 634
11438 1088
11439 758
11443 442
11446 992
11446 1256
11448 168
11448 537
11449 1210
11450 582
11453 1253
11453 1391
11454 1228
11464 204
11466 748
11467 397
11471 1371
11472 1400
11478 1088
11478 1169
11482 1352
11486 1295
11487 490
11488 341
11492 435
11494 1035
11500 894
11505 508
11508 1140
11508 1079
11511 190
11511 1451
11517 139
11519 631
11520 549
11523 274
11523 1260
11525 1354
11526 630
11527 272
11533 610
11535 251
11535 1113
11542 1237
11543 1087
11543 827
11544 1219
11545 1411
11546 689
11547 164
11548 157
11551 1481
11553 1091
11554 850
11555 1217
11564 793
11567 1274
11568 800
11568 513
11571 460
11571 1224
11574 842
11575 1361
11579 727
11585 272
11585 246
11589 438
11591 186
11592 1469
11594 1468
11594 106
11595 608
11595 216
11597 76
11601 1307
11602 655
11603 360
11603 1368
11603 816
11604 1236
11605 1451
11605 1334
11608 79
11609 591
11612 1192
11613 465
11613 420
11613 1471
11613 252
11617 1136
11617 792
11619 406
11622 1009
11626 1397
11627 836
11633 1138
11634 778
11635 145
11639 1035
11639 995
11640 1247
11645 200
11646 254
11647 630
11647 1300
11648 422
11649 790
11652 1109
11653 375
11654 1078
11655 1156
11655 397
11658 1349
11660 1407
11660 75
11661 310
11663 1258
11663 365
11664 475
11666 1003
11668 224
11671 289
11673 514
11674 839
11675 948
11679 346
11680 363
11680 1018
11681 397
11683 422
11684 801
11685 305
11687 1259
11687 182
11689 1427
11691 1290
11691 179
11692 1453
11694 1167
11695 303
11695 746
11697 881
11700 1411
11701 1050
11708 125
11708 1255
11708 315
11710 332
11711 1323
11713 484
11713 938
11713 300
11715 739
11717 417
11719 323
11719 164
11722 1498
11722 1416
11723 784
11725 1228
11725 1117
11726 647
11727 841
11728 199
11730 144
11731 559
11733 123
11734 145
11735 259
11738 1465
11739 1473
11741 216
11741 1367
11743 745
11744 1228
11746 957
11750 1188
11753 1376
11753 930
11754 691
11758 1002
11762 185
11762 388
11763 697
11763 893
11764 807
11764 1406
11766 902
11767 1195
11768 1043
11768 952
11770 483
11771 1381
11772 1147
11774 287
11774 143
11781 233
11782 440
11783 800
11784 153
11788 1398
11789 84
11790 1427
11791 162
11794 119
11795 485
11796 1113
11797 1323
11800 368
11802 353
11803 655
11804 355
11804 624
11805 607
11808 1231
11808 1491
11810 209
11817 963
11818 93
11819 800
11826 855
11826 114
11829 714
11831 130
11831 658
11832 380
11832 1384
11836 164
11836 806
11836 519
11838 1147
11839 886
11842 522
11843 181
11846 194
11847 290
11847 947
11849 705
11849 1136
11849 99
11850 1303
11851 872
11851 322
11851 544
11854 828
11854 566
11855 969
11856 1193
11857 91
11857 1094
11857 949
11858 590
11860 660
11862 1352
11864 1228
11865 770
11867 891
11869 180
11869 531
11870 404
11870 1251
11870 1054
11872 87
11873 235
11877 650
11879 744
11879 750
11880 1438
11882 364
11883 331
11888 1006
11889 749
11895 1496
11900 1110
11901 298
11901 935
11903 840
11912 200
11913 568
11914 438
11917 939
11917 877
11920 1415
11923 684
11926 1269
11927 95
11927 654
11930 396
11931 446
11935 495
11936 301
11943 129
11946 198
11949 921
11954 624
11954 1309
11955 540
11955 225
11956 856
11956 1093
11957 467
11957 506
11958 226
11959 1495
11962 924
11968 831
11969 1221
11971 622
11974 1265
11975 1002
11975 318
11977 458
11981 1135
11984 1213
11988 158
11989 171
11990 753
11991 1402
11993 100
11995 732
11998 1169
12000 145
12005 798
12008 1114
12008 383
12009 424
12010 262
12011 898
12021 1357
12022 839
12027 1408
12028 544
12028 1134
12030 681
12031 1463
12036 1447
12037 864
12037 1293
12038 1034
12040 643
12048 1097
12048 324
12054 711
12055 526
12057 479
12064 473
12066 1389
12066 939
12067 219
12069 883
12069 619
12074 692
12081 403
12082 1351
12083 1143
12083 1333
12088 625
12088 525
12088 1365
12095 671
12097 981
12098 524
12100 282
12101 998
12103 1389
12106 325
12108 459
12108 933
12109 251
12110 1490
12110 1439
12110 532
12117 416
12117 268
12118 1011
12122 737
12123 237
12126 660
12129 332
12130 1174
12131 851
12133 1164
12134 568
12136 1365
12136 963
12138 322
12142 1183
12145 501
12146 1369
12148 1021
12150 68
12150 369
12152 669
12155 827
12156 95
12158 726
12158 1118
12162 903
12162 470
12165 1104
12165 1236
12166 200
12168 666
12169 1268
12174 377
12175 858
12175 456
12178 1461
12178 1255
12178 439
12183 243
12185 412
12187 1162
12187 360
12189 768
12190 108
12191 1370
12193 192
12194 672
12197 274
12203 1357
12203 86
12203 1038
12206 1420
12210 984
12212 885
12213 1168
12215 446
12218 1360
12219 373
12220 1274
12221 188
12225 392
12228 1058
12235 1451
12236 1311
12238 1402
12238 1049
12242 1041
12245 900
12248 1295
12249 1350
12250 868
12250 322
12250 1448
12252 511
12252 202
12253 718
12255 81
12256 697
12259 1074
12260 202
12263 1027
12265 843
12267 131
12270 1424
12271 821
12271 1071
12272 350
12276 454
12277 798
12279 446
12282 1397
12283 1389
12290 466
12293 851
12295 1111
12296 718
12297 821
12297 180
12301 858
12301 331
12302 511
12306 458
12309 508
12310 317
12313 716
12313 390
12321 201
12321 680
12323 1358
12323 500
12323 1028
12324 1087
12326 1042
12331 100
12331 896
12331 177
12332 634
12333 355
12336 692
12336 1263
12337 930
12340 361
12341 492
12343 277
12344 91
12348 800
12348 572
12349 962
12351 1360
12354 758
12356 363
12359 906
12360 355
12361 525
12361 1314
12365 357
12365 710
12366 318
12367 693
12369 318
12370 1474
12372 112
12372 688
12374 687
12375 620
12379 269
12379 763
12380 1092
12381 912
12381 1045
12381 891
12382 221
12384 576
12386 360
12386 1115
12390 995
12390 354
12391 1353
12394 669
12395 763
12398 633
12399 375
12399 1295
12403 603
12407 1489
12409 1422
12414 489
12415 650
12416 919
12427 677
12427 965
12429 164
12429 433
12430 1499
12434 720
12440 1002
12441 1488
12442 1151
12444 93
12444 132
12447 1355
12450 1254
12450 301
12451 465
12452 858
12452 436
12453 653
12455 85
12458 1273
12459 866
12460 1394
12462 335
12463 473
12464 343
12466 1403
12467 667
12469 540
12470 1375
12471 284
12474 1359
12477 1413
12479 1327
12481 1042
12481 693
12482 1255
12486 369
12489 449
12490 725
12491 147
12493 461
12493 222
12493 453
12495 1404
12496 527
12496 861
12500 639
12500 415
12504 834
12505 1246
12508 478
12508 503
12511 483
12517 856
12519 249
12520 214
12523 1235
12525 674
12525 91
12529 1284
12529 1437
12532 163
12532 1169
12533 684
12535 80
12536 1487
12539 1206
12540 708
12551 1030
12552 187
12553 1225
12553 1096
12554 589
12556 846
12556 1116
12556 1442
12566 106
12566 1193
12568 880
12569 599
12571 672
12572 323
12572 218
12577 1396
12577 509
12578 952
12582 918
12593 911
12595 1331
12596 153
12598 641
12598 148
12600 287
12601 886
12601 1184
12605 953
12608 727
12612 1010
12613 950
12613 173
12616 766
12617 1416
12618 318
12618 1337
12619 843
12620 1463
12620 935
12620 675
12622 1334
12622 992
12625 562
12626 1215
12626 158
12631 807
12632 67
12635 111
12636 523
12638 1151
12640 642
12641 356
12642 134
12644 1361
12644 309
12648 1355
12649 1320
12651 446
12651 846
12659 253
12660 1201
12662 131
12664 793
12667 562
12667 481
12669 360
12670 1053
12671 217
12673 1231
12674 573
12675 297
12675 779
12679 240
12679 1190
12685 79
12686 1167
12686 982
12689 564
12694 816
12696 366
12698 1493
12703 1268
12703 730
12703 453
12704 246
12705 67
12706 82
12708 185
12709 591
12709 283
12709 456
12709 178
12709 864
12712 655
12713 946
12714 1404
12718 466
12719 977
12724 801
12726 799
12728 1118
12734 535
12735 845
12735 506
12737 197
12738 419
12738 270
12742 1238
12746 69
12747 1243
12748 898
12749 1188
12750 797
12752 739
12752 863
12754 693
12754 762
12755 1145
12756 958
12757 1121
12757 343
12758 786
12758 1463
12760 806
12768 874
12769 553
12770 843
12770 141
12777 373
12778 621
12778 240
12785 667
12788 143
12790 609
12790 1493
12791 591
12791 671
12792 847
12793 338
12793 1155
12794 816
12798 1131
12798 350
12800 266
12803 337
12803 1411
12803 1319
12805 969
12805 180
12806 1489
12809 870
12811 706
12812 1111
12812 679
12814 722
12818 248
12826 707
12827 970
12829 535
12831 537
12834 815
12836 1403
12837 1450
12839 144
12841 648
12843 266
12843 457
12844 406
12844 777
12847 505
12847 122
12847 918
12849 1484
12849 1356
12850 847
12850 1044
12852 95
12855 718
12855 221
12856 1392
12856 1333
12856 1453
12857 1003
12857 90
12859 1274
12862 1028
12863 1054
12865 982
12867 771
12869 1496
12870 1129
12871 1255
12872 1408
12872 898
12874 257
12874 267
12877 646
12878 198
12881 1434
12882 95
12883 774
12883 93
12887 854
12887 938
12888 122
12890 1310
12892 1363
12895 662
12898 540
12901 262
12903 704
12903 558
12904 205
12911 550
12912 686
12915 738
12921 1081
12922 1100
12925 1312
12927 310
12929 750
12930 79
12931 338
12933 438
12934 638
12938 1389
12938 716
12941 255
12941 1201
12944 423
12950 1008
12950 672
12953 206
12954 775
12954 1466
12955 729
12957 734
12957 1445
12957 479
12957 1075
12961 909
12963 1435
12963 933
12965 1151
12967 412
12970 1437
12972 78
12972 108
12973 948
12974 1001
12977 1279
12977 1343
12982 542
12984 581
12984 568
12986 1305
12987 157
12991 794
12993 623
12994 922
12995 1252
12995 470
12995 416
12997 247
13001 1303
13003 675
13003 1039
13004 880
13004 806
13005 1403
13005 1089
13005 725
13007 840
13008 1225
13009 626
13010 343
13016 884
13017 914
13017 939
13023 850
13023 424
13025 696
13026 230
13026 752
13027 517
13029 1250
13031 636
13032 1219
13034 760
13035 778
13037 1211
13045 779
13048 696
13049 525
13050 321
13051 372
13051 720
13052 773
13053 331
13055 1444
13056 814
13057 458
13060 1022
13060 1260
13061 1079
13061 1309
13062 151
13063 361
13065 171
13067 1493
13067 729
13067 949
13068 1351
13073 1386
13073 862
13075 770
13077 844
13079 1478
13079 315
13081 244
13083 1301
13086 260
13087 715
13089 1282
13089 1007
13090 1156
13090 853
13091 667
13094 177
13095 1050
13097 1259
13097 1241
13098 1303
13099 800
13099 745
13100 1436
13100 585
13101 657
13103 1337
13103 511
13104 1481
13105 968
13109 98
13109 538
13111 1383
13117 1249
13120 1376
13122 710
13123 587
13123 116
13124 1353
13124 603
13131 1115
13132 213
13134 647
13136 803
13137 557
13137 1406
13140 117
13141 441
13144 455
13144 1376
13147 149
13148 799
13149 1222
13149 923
13150 1299
13150 184
13153 1458
13153 586
13153 506
13154 1405
13157 1162
13159 929
13159 774
13161 1359
13161 557
13163 79
13163 1143
13166 1094
13168 1384
13177 655
13180 535
13181 386
13182 1339
13182 1116
13182 1202
13184 236
13187 1486
13192 220
13192 476
13193 999
13193 568
13196 876
13196 770
13200 663
13206 1293
13208 663
13209 1027
13210 755
13211 799
13212 700
13212 1073
13212 946
13212 228
13216 1376
13216 932
13217 237
13217 728
13217 706
13217 1133
13218 583
13222 1091
13223 767
13228 1136
13230 1221
13231 1309
13232 400
13232 904
13233 1240
13235 290
13236 681
13238 1429
13240 238
13240 1021
13241 824
13242 1088
13243 274
13244 571
13244 190
13247 761
13248 656
13249 802
13250 191
13250 141
13250 872
13251 899
13251 318
13253 1115
13253 614
13254 652
13256 347
13259 667
13260 113
13260 802
13263 463
13266 536
13270 199
13271 291
13271 400
13271 440
13272 823
13276 589
13281 1175
13289 682
13290 990
13292 257
13294 1183
13294 621
13297 1454
13298 1151
13298 1290
13304 1231
13305 548
13306 1234
13307 232
13308 1186
13308 685
13311 1470
13314 813
13315 1262
13317 304
13318 647
13321 1114
13321 892
13324 1224
13329 823
13331 773
13332 418
13333 1213
13337 524
13338 1367
13340 436
13343 239
13345 269
13346 746
13347 1487
13348 850
13349 895
13350 473
13354 464
13354 960
13356 841
13358 65
13361 1278
13366 613
13367 132
13371 548
13372 359
13372 926
13374 981
13375 1418
13378 1431
13379 1332
13379 560
13380 1292
13381 1320
13381 609
13386 737
13390 1265
13391 336
13396 1435
13401 775
13401 1111
13401 543
13402 841
13402 463
13404 305
13409 949
13410 1166
13415 472
13418 1244
13418 1379
13424 505
13424 544
13425 410
13425 366
13426 1499
13430 1485
13431 1296
13432 1328
13433 949
13436 648
13437 438
13439 270
13439 261
13440 1358
13440 648
13441 1275
13442 775
13443 115
13445 907
13445 873
13448 1372
13456 549
13457 356
13457 661
13459 1487
13459 689
13464 1242
13466 1268
13472 322
13475 257
13476 311
13477 1141
13477 1323
13478 82
13478 1156
13478 433
13482 1184
13488 116
13489 903
13492 1491
13493 934
13495 315
13498 345
13500 295
13504 214
13505 1332
13508 481
13510 119
13511 966
13512 308
13513 563
13515 269
13515 818
13520 613
13521 750
13521 1094
13523 439
13524 878
13525 542
13535 524
13536 210
13538 118
13539 889
13542 1489
13543 71
13543 987
13545 503
13545 850
13550 1209
13552 959
13556 281
13557 516
13557 381
13560 541
13563 388
13565 1141
13565 1022
13569 761
13570 810
13573 96
13573 88
13575 413
13577 1410
13580 429
13581 1425
13583 466
13584 966
13585 170
13587 332
13592 1351
13595 1086
13595 195
13596 575
13597 1192
13598 1016
13602 1412
13603 843
13605 350
13606 690
13607 575
13608 624
13608 1245
13609 1220
13610 170
13612 819
13615 866
13615 1016
13615 853
13616 466
13619 886
13619 1453
13619 688
13620 812
13621 201
13622 1225
13623 1166
13628 386
13630 176
13630 674
13634 444
13634 335
13635 658
13636 1073
13637 641
13643 1338
13643 570
13644 503
13647 844
13647 548
13648 1260
13650 816
13651 877
13651 711
13652 525
13655 1134
13656 360
13663 418
13666 429
13669 417
13669 523
13670 269
13671 287
13672 560
13672 935
13672 1054
13673 1485
13674 185
13675 1208
13676 1038
13677 400
13680 1385
13680 945
13680 258
13681 892
13682 1328
13687 409
13687 999
13687 604
13693 1251
13698 193
13698 406
13702 528
13703 522
13703 584
13704 554
13707 725
13710 1227
13714 393
13716 884
13717 750
13717 1031
13720 1117
13721 372
13721 1495
13723 726
13725 76
13727 990
13729 598
13733 1452
13734 216
13735 1483
13738 811
13740 686
13740 1109
13741 701
13741 990
13749 783
13752 1292
13753 422
13754 750
13757 1108
13757 142
13758 1438
13760 712
13761 744
13763 86
13763 981
13766 1298
13766 626
13768 1159
13772 1214
13774 1187
13783 406
13783 286
13784 437
13785 1384
13785 846
13787 1493
13790 691
13791 657
13793 827
13795 1277
13795 1052
13795 248
13796 903
13805 1239
13806 855
13806 768
13808 542
13809 174
13809 398
13811 601
13815 95
13818 484
13827 784
13830 1357
13830 1370
13833 1231
13835 1260
13838 479
13839 1493
13840 1372
13843 1500
13844 967
13844 1269
13847 1253
13848 328
13849 369
13853 540
13855 848
13855 79
13858 98
13858 1394
13858 1128
13858 1247
13862 1251
13864 807
13865 1420
13866 674
13866 1476
13867 811
13868 1378
13868 475
13872 572
13872 381
13872 1474
13872 1018
13873 293
13877 688
13878 976
13881 1446
13884 286
13884 1146
13886 383
13888 406
13889 1194
13890 749
13890 83
13895 289
13895 887
13898 842
13898 1093
13901 822
13903 182
13905 891
13906 921
13912 624
13915 641
13915 1346
13915 286
13916 941
13921 523
13924 257
13924 1262
13929 183
13939 1387
13941 468
13941 1293
13943 1202
13944 1359
13948 612
13950 1318
13951 108
13951 965
13951 927
13952 1420
13953 521
13956 1326
13957 231
13958 669
13959 1324
13959 971
13966 1381
13967 553
13968 695
13970 1413
13970 1426
13972 342
13974 395
13974 1297
13978 590
13984 1220
13985 930
13989 318
13991 1461
13991 860
13993 555
13994 281
13994 317
13998 512
14001 735
14003 936
14004 449
14004 243
14004 468
14006 1124
14009 115
14011 737
14012 587
14015 83
14016 1278
14016 839
14017 463
14020 1015
14024 1365
14025 1085
14028 463
14031 919
14031 1273
14032 261
14032 722
14033 414
14035 1494
14035 1450
14038 205
14039 540
14040 939
14044 578
14045 270
14046 1120
14047 970
14048 1487
14050 155
14051 919
14054 1306
14059 1063
14060 1178
14061 961
14067 1308
14068 942
14068 912
14074 108
14076 830
14076 500
14082 751
14089 545
14090 428
14091 1425
14093 808
14093 1185
14095 650
14096 1063
14096 1162
14096 594
14097 555
14099 528
14105 1213
14106 631
14107 1376
14112 1262
14112 816
14114 602
14116 253
14118 1412
14118 858
14119 1423
14121 679
14125 346
14129 930
14130 581
14134 621
14135 779
14135 932
14136 314
14137 739
14140 664
14141 618
14142 650
14150 499
14150 199
14151 188
14151 177
14153 965
14154 536
14155 557
14156 181
14157 542
14158 1073
14159 1226
14159 944
14160 842
14165 274
14165 1383
14180 735
14181 548
14183 1399
14183 1115
14184 474
14184 626
14185 1046
14186 1335
14190 1056
14190 1231
14190 762
14193 243
14193 1236
14194 1274
14196 591
14197 1349
14199 87
14202 197
14204 687
14208 937
14208 98
14208 884
14210 538
14213 1427
14214 891
14214 754
14215 1438
14216 569
14219 1437
14220 384
14221 654
14222 878
14222 426
14224 1159
14224 1186
14225 1440
14226 562
14230 1477
14230 1197
14232 77
14232 1160
14233 778
14239 1350
14239 493
14241 441
14244 793
14245 1434
14246 1400
14249 741
14251 132
14252 1156
14253 1108
14253 1043
14255 1301
14258 299
14260 686
14261 790
14262 529
14263 931
14265 1073
14268 883
14270 686
14272 1336
14273 845
14274 417
14274 179
14278 573
14279 383
14279 1389
14280 840
14282 1101
14283 1278
14283 1277
14287 1270
14287 1242
14288 474
14290 656
14291 1070
14292 465
14292 743
14293 188
14293 614
14298 894
14299 1422
14300 498
14301 266
14305 249
14310 436
14312 139
14315 107
14316 399
14318 277
14318 958
14318 416
14318 876
14318 1295
14322 364
14324 479
14327 624
14328 773
14329 464
14329 825
14331 625
14333 701
14333 562
14334 880
14343 1225
14349 976
14352 374
14353 984
14353 921
14355 532
14355 922
14356 403
14358 838
14359 338
14368 1262
14368 1228
14371 1222
14372 1478
14372 80
14384 550
14386 1182
14388 1110
14388 1402
14390 1258
14391 836
14396 856
14400 299
14400 790
14400 957
14400 638
14402 77
14402 1394
14405 791
14406 184
14411 1081
14411 807
14411 337
14415 1134
14417 585
14417 468
14421 401
14422 580
14424 1208
14424 1004
14425 1407
14425 369
14429 974
14430 595
14431 293
14432 426
14432 603
14433 1067
14433 458
14437 870
14438 759
14444 130
14448 65
14448 735
14454 945
14457 455
14457 1483
14458 344
14458 481
14460 626
14468 235
14470 349
14472 1056
14473 214
14475 1385
14477 753
14478 1112
14482 1138
14482 676
14484 480
14484 1359
14485 550
14485 231
14485 157
14486 583
14487 223
14487 369
14488 1108
14490 942
14495 718
14495 411
14496 534
14496 649
14500 228
14503 403
14504 728
14504 1048
14506 370
14510 1330
14510 601
14510 1078
14511 745
14512 681
14516 1186
14519 657
14520 290
14520 687
14520 468
14522 908
14524 316
14526 488
14527 1146
14528 210
14530 339
14530 1405
14531 1067
14531 357
14532 1167
14533 1276
14534 139
14536 871
14537 1132
14540 184
14542 122
14542 619
14542 577
14544 1287
14544 796
14545 383
14547 1428
14548 477
14549 1113
14550 1447
14550 512
14551 994
14556 1080
14557 1201
14558 1230
14558 938
14562 994
14563 859
14564 967
14564 976
14567 495
14567 1381
14568 1402
14568 1458
14577 1303
14578 532
14584 206
14584 1149
14584 363
14584 1184
14585 734
14588 1222
14589 1100
14589 436
14591 98
14594 1174
14594 149
14595 1154
14597 686
14600 573
14603 819
14603 455
14606 427
14606 472
14608 934
14611 296
14613 256
14615 1150
14618 913
14619 1262
14623 1058
14623 1358
14624 1267
14626 427
14640 533
14642 745
14643 1436
14644 1071
14648 173
14650 258
14651 1382
14652 314
14655 387
14658 212
14658 1468
14660 1226
14664 314
14668 1428
14668 1331
14669 845
14670 1234
14674 1178
14674 1286
14676 1299
14676 91
14676 406
14677 1435
14679 291
14679 867
14679 754
14681 1403
14683 239
14683 370
14685 1100
14688 654
14689 929
14692 269
14698 1263
14703 1348
14704 1205
14712 874
14713 1292
14713 1471
14715 250
14715 700
14718 1100
14723 726
14737 1009
14738 1364
14738 1135
14739 322
14739 750
14739 587
14740 746
14741 426
14743 639
14746 351
14749 1118
14752 953
14753 1299
14754 819
14754 812
14755 798
14755 557
14758 262
14758 969
14759 871
14761 1026
14761 71
14761 974
14763 335
14764 1001
14765 173
14767 580
14770 509
14779 1444
14787 531
14788 313
14791 1088
14794 809
14795 488
14796 600
14797 326
14800 1167
14801 109
14804 1470
14807 830
14812 285
14812 942
14814 1329
14815 680
14816 1090
14817 695
14819 566
14819 746
14820 776
14823 748
14824 1351
14826 997
14827 1284
14828 1334
14829 821
14830 1069
14831 1121
14831 595
14832 565
14834 1019
14834 1064
14834 152
14836 1224
14836 508
14837 1188
14839 1015
14845 1018
14848 465
14854 582
14858 600
14858 1299
14859 1056
14859 1465
14860 1300
14861 523
14862 1194
14862 644
14863 898
14866 286
14870 527
14872 130
14873 171
14875 724
14875 140
14877 1211
14878 1332
14882 1375
14883 955
14884 877
14888 382
14889 340
14890 924
14890 691
14890 822
14891 1235
14892 1293
14894 326
14894 648
14898 305
14900 1486
14900 434
14902 144
14906 1016
14908 234
14912 427
14912 1481
14915 936
14917 1173
14919 840
14921 717
14922 1151
14927 715
14928 1325
14929 661
14931 808
14934 734
14934 932
14934 1428
14935 582
14937 1229
14938 929
14942 617
14943 223
14948 93
14948 603
14948 815
14949 1112
14951 249
14952 1408
14952 322
14953 334
14955 932
14958 524
14958 626
14961 956
14962 1466
14963 868
14965 1092
14965 641
14965 1060
14966 1120
14967 365
14969 1166
14971 1193
14972 380
14974 1193
14975 671
14978 859
14979 1091
14982 308
14983 221
14984 450
14985 309
14990 1039
14990 507
14991 288
14991 1066
14992 664
14995 1358
14998 1214
15000 526
15002 801
15003 901
15007 1171
15007 851
15009 96
15011 285
15011 840
15014 547
15016 491
15018 195
15018 990
15019 1393
15021 749
15022 502
15032 314
15032 416
15038 191
15039 820
15041 537
15042 565
15044 1085
15047 930
15049 909
15049 1387
15049 356
15053 1011
15053 1368
15056 661
15061 913
15061 590
15062 738
15063 192
15064 1253
15065 577
15066 1488
15066 586
15073 275
15073 436
15074 1080
15075 1229
15076 1359
15078 961
15080 293
15080 1339
15083 820
15083 804
15084 734
15084 893
15085 129
15086 1242
15087 599
15089 639
15090 413
15090 1058
15092 216
15095 1385
15097 120
15098 901
15098 1422
15099 65
15100 1378
15103 1088
15105 1290
15111 1159
15111 545
15115 962
15115 275
15115 965
15117 639
15119 945
15122 816
15124 1338
15126 222
15126 755
15126 208
15127 1133
15129 1363
15130 1448
15138 1238
15138 765
15139 977
15144 1228
15148 919
15159 299
15161 131
15166 336
15170 261
15173 1116
15180 1495
15183 331
15183 1369
15184 555
15185 501
15186 864
15191 416
15195 1031
15195 709
15196 539
15196 1227
15198 788
15201 1491
15201 209
15202 776
15203 654
15204 1458
15204 855
15208 178
15209 837
15211 478
15213 838
15213 304
15218 486
15219 365
15222 659
15222 356
15223 1271
15225 1473
15230 541
15231 475
15237 786
15240 823
15243 239
15243 389
15246 625
15248 398
15249 970
15253 89
15256 631
15258 1332
15264 165
15266 881
15266 443
15267 1315
15267 377
15268 709
15270 331
15270 1225
15274 153
15275 843
15277 459
15279 147
15280 409
15280 1468
15280 1405
15281 1428
15283 1420
15284 237
15284 1401
15285 154
15285 1062
15287 1430
15291 149
15292 1245
15293 461
15294 1370
15296 641
15299 796
15300 499
15300 1155
15300 1364
15302 621
15304 609
15305 977
15308 337
15313 536
15313 675
15313 1418
15317 997
15319 809
15321 1034
15322 1302
15323 756
15327 792
15330 1149
15332 476
15334 184
15334 813
15336 338
15341 486
15342 1040
15343 1291
15343 766
15346 1327
15347 398
15348 273
15351 113
15352 1356
15356 855
15356 284
15361 122
15366 252
15366 741
15367 582
15368 699
15369 681
15370 1265
15374 1496
15375 919
15378 1045
15379 993
15382 1347
15384 1302
15384 1014
15386 917
15389 497
15389 657
15389 1066
15390 1451
15391 991
15391 962
15394 1343
15395 532
15396 64
15397 608
15399 1074
15399 397
15402 512
15403 1378
15403 199
15405 542
15411 1245
15411 709
15413 870
15414 1193
15415 665
15418 383
15419 351
15420 272
15422 971
15424 751
15426 1032
15426 1098
15429 213
15430 430
15433 1124
15435 883
15436 137
15436 1054
15439 1401
15443 582
15444 454
15446 120
15447 902
15450 138
15451 101
15451 1026
15451 592
15453 737
15453 1317
15455 825
15456 561
15457 768
15460 508
15460 929
15460 163
15463 714
15466 121
15477 286
15478 784
15479 377
15480 497
15480 550
15482 395
15484 597
15486 818
15491 906
15492 476
15494 300
15497 511
15501 1110
15502 1239
15503 957
15513 1127
15514 1429
15515 223
15518 778
15518 891
15520 497
15529 579
15529 1486
15531 469
15532 292
15533 495
15535 1254
15538 485
15541 316
15542 1221
15542 538
15543 345
15544 939
15544 1218
15545 394
15546 1489
15548 1314
15550 928
15550 409
15550 668
15557 578
15559 763
15560 1263
15561 86
15564 1373
15564 479
15566 102
15571 547
15571 976
15571 631
15572 1129
15575 351
15579 491
15580 1479
15582 1084
15582 67
15584 943
15589 1304
15593 1012
15595 865
15597 490
15602 1242
15610 1425
15611 408
15615 1216
15615 581
15617 626
15617 859
15617 1428
15618 91
15619 373
15625 366
15625 435
15626 788
15629 147
15633 390
15633 673
15634 257
15636 1200
15637 849
15637 553
15638 1207
15642 1391
15642 1294
15642 1089
15643 1079
15647 1276
15649 115
15649 1140
15650 813
15650 1462
15652 563
15652 677
15652 782
15655 927
15656 371
15657 1040
15659 375
15661 420
15662 293
15665 645
15666 995
15666 862
15669 1063
15670 778
15670 96
15671 145
15672 1138
15672 650
15677 824
15678 1010
15682 195
15682 112
15683 86
15687 1126
15687 1414
15690 878
15693 568
15694 1380
15694 500
15696 431
15697 477
15697 1295
15698 535
15698 1277
15698 72
15699 1375
15701 538
15704 1259
15704 488
15705 1233
15706 1267
15706 1173
15706 834
15709 1182
15711 1338
15717 783
15717 176
15718 1371
15718 130
15720 411
15722 1061
15723 109
15725 1494
15727 202
15729 1263
15730 605
15731 354
15731 501
15737 1417
15739 1341
15745 499
15746 433
15749 972
15750 998
15753 567
15756 1478
15756 1406
15757 907
15762 1046
15767 949
15767 1182
15773 293
15775 1159
15775 1120
15776 415
15778 528
15782 1247
15784 744
15786 156
15789 465
15791 1308
15793 676
15794 434
15795 827
15799 1141
15802 296
15804 916
15805 376
15806 1178
15809 197
15809 725
15810 320
15812 240
15814 784
15820 507
15820 854
15827 201
15827 113
15827 1310
15828 1225
15833 1189
15836 1145
15837 406
15839 1331
15839 468
15842 676
15843 205
15846 1139
15848 1255
15856 764
15857 217
15857 1436
15858 1430
15859 1245
15862 1198
15863 1383
15865 203
15865 212
15866 1227
15866 896
15866 1150
15866 593
15867 101
15875 891
15876 306
15880 1336
15881 1021
15882 855
15884 292
15884 1468
15884 587
15894 1217
15897 846
15897 371
15898 1092
15900 946
15906 241
15908 1376
15908 813
15910 459
15910 219
15910 682
15911 333
15911 893
15912 1180
15912 1382
15913 560
15914 263
15916 339
15919 1365
15921 1112
15922 795
15922 1364
15923 694
15923 572
15924 1040
15924 1016
15924 1318
15924 567
15925 367
15928 507
15928 434
15929 190
15930 402
15933 1489
15936 736
15941 1204
15941 977
15941 1048
15942 776
15944 725
15946 546
15947 176
15949 1406
15950 864
15954 1135
15954 746
15954 1309
15958 1213
15963 674
15964 346
15965 186
15968 420
15970 723
15971 362
15977 814
15979 872
15979 533
15979 600
15982 1201
15983 1474
15983 82
15984 1385
15988 146
15988 785
15988 1217
15989 599
15992 418
15992 240
15993 743
15995 1111
16001 1013
16002 1265
16004 301
16007 1094
16007 71
16008 1054
16009 1172
16009 155
16010 1225
16012 187
16016 197
16017 1052
16020 1475
16020 1233
16020 799
16023 471
16024 605
16024 485
16025 965
16025 218
16026 794
16026 1048
16026 448
16026 1285
16028 1358
16028 320
16033 589
16035 953
16036 410
16037 1393
16038 614
16040 1148
16042 484
16046 1480
16047 243
16047 143
16051 268
16054 830
16056 234
16059 632
16060 310
16061 1394
16062 585
16062 947
16062 961
16064 660
16065 568
16068 347
16070 76
16074 824
16075 1092
16084 515
16084 1164
16086 1161
16088 638
16089 1070
16089 882
16090 1203
16091 1205
16091 728
16093 1242
16094 320
16095 714
16096 1233
16097 922
16097 513
16098 870
16098 1359
16099 1037
16103 235
16104 563
16104 923
16106 1235
16108 1391
16109 1144
16113 711
16113 408
16114 1004
16119 144
16120 831
16122 841
16124 1102
16125 209
16129 1278
16132 1197
16133 1365
16135 1443
16138 619
16145 900
16146 155
16149 1185
16153 652
16156 1061
16157 581
16157 939
16157 631
16159 192
16164 1349
16164 203
16167 219
16168 854
16169 1209
16175 1390
16176 321
16177 995
16178 1001
16179 1077
16183 513
16184 893
16190 638
16193 1160
16194 596
16196 953
16198 470
16199 1388
16200 1151
16206 1453
16210 818
16210 621
16213 1431
16215 1008
16216 595
16216 955
16218 260
16224 122
16226 236
16227 180
16228 931
16228 1119
16228 306
16233 293
16233 426
16235 486
16235 753
16235 541
16237 848
16241 423
16242 748
16243 319
16243 569
16247 1331
16248 1091
16254 529
16257 1330
16257 1318
16259 1208
16259 209
16261 610
16261 89
16264 1172
16266 1160
16266 1489
16267 1090
16268 1195
16269 667
16271 537
16271 1391
16273 585
16279 1255
16281 794
16281 128
16281 165
16282 913
16282 263
16284 1164
16287 393
16291 242
16293 880
16296 317
16298 1241
16301 127
16303 762
16304 843
16305 1227
16305 648
16312 1249
16313 588
16315 1282
16316 940
16316 815
16323 247
16324 783
16326 933
16327 598
16328 841
16328 961
16329 748
16329 204
16331 835
16331 360
16333 1224
16334 557
16336 189
16339 1121
16340 795
16343 118
16343 1319
16345 990
16345 489
16346 211
16347 1059
16348 387
16350 459
16351 505
16352 1232
16352 1285
16354 959
16355 1442
16359 762
16359 696
16360 366
16361 246
16361 1151
16362 881
16363 861
16365 632
16371 502
16373 1026
16374 82
16375 1271
16375 1370
16378 497
16383 993
16384 507
16386 1247
16386 1271
16387 330
16387 78
16387 113
16387 601
16388 544
16391 398
16395 509
16399 192
16400 1451
16402 199
16404 989
16406 1313
16407 805
16407 650
16407 357
16409 909
16410 1378
16410 310
16412 96
16417 541
16418 769
16421 829
16421 1096
16421 311
16422 228
16423 69
16424 852
16425 131
16430 333
16433 533
16433 974
16433 1250
16433 1465
16434 1376
16434 982
16435 1297
16435 1102
16440 915
16443 799
16443 350
16447 137
16447 698
16451 248
16452 1362
16455 161
16456 462
16458 973
16458 239
16462 1418
16462 1202
16463 1157
16465 1483
16468 1122
16468 958
16472 326
16474 1029
16474 317
16474 456
16475 146
16476 730
16476 1172
16476 1245
16480 581
16481 1016
16481 905
16481 1000
16483 768
16483 850
16485 397
16486 1108
16486 818
16487 742
16488 746
16489 1391
16489 380
16489 1269
16495 303
16495 366
16497 1141
16498 136
16499 477
16500 329
16501 701
16504 1274
16506 834
16507 1216
16509 294
16510 123
16510 962
16515 227
16515 1392
16517 244
16517 341
16522 1427
16522 1313
16523 847
16524 1294
16525 617
16526 1274
16527 1492
16529 1298
16533 88
16534 1055
16537 443
16539 381
16540 170
16540 1323
16541 376
16545 1341
16545 1011
16546 671
16550 452
16551 532
16553 1112
16554 1204
16556 926
16558 1348
16560 834
16561 780
16562 1306
16563 377
16565 1205
16569 865
16570 379
16572 70
16575 1274
16577 412
16578 1077
16578 87
16579 1167
16579 1230
16580 196
16584 294
16584 1431
16587 280
16587 283
16589 973
16589 1372
16590 1256
16590 1335
16590 1270
16591 354
16593 774
16597 940
16601 1133
16603 360
16603 1015
16605 1212
16606 800
16607 1204
16610 618
16611 1433
16614 1137
16615 1070
16615 659
16615 1329
16616 586
16617 230
16618 610
16619 1158
16620 960
16620 1227
16624 833
16625 418
16628 106
16629 439
16631 284
16635 1145
16635 911
16637 151
16638 601
16641 1053
16644 1166
16647 1028
16648 1445
16652 812
16654 1401
16655 448
16656 406
16657 407
16661 953
16667 1164
16667 1010
16669 1444
16671 1343
16672 1423
16673 1182
16675 1218
16676 258
16678 867
16678 1013
16680 1198
16680 1123
16681 948
16683 260
16684 1459
16685 354
16687 464
16688 1156
16688 440
16690 354
16691 1450
16693 357
16693 979
16702 1373
16703 518
16704 372
16706 1103
16707 294
16707 887
16714 1210
16714 1360
16716 696
16717 689
16718 1247
16719 1439
16732 126
16735 774
16735 521
16737 341
16740 210
16741 335
16747 165
16748 399
16750 815
16756 153
16758 616
16762 345
16763 946
16764 528
16767 1198
16769 334
16770 1106
16777 325
16779 1397
16781 188
16785 672
16786 469
16788 1255
16788 958
16790 182
16791 1147
16793 357
16794 1133
16795 925
16796 465
16797 1329
16800 547
16804 320
16807 743
16808 1159
16809 1455
16810 691
16810 1227
16814 1007
16814 896
16818 1495
16820 134
16821 902
16823 1438
16826 722
16828 1007
16830 1312
16832 1381
16832 1120
16846 88
16849 1085
16849 904
16850 1181
16854 607
16855 610
16855 196
16857 471
16857 1349
16862 638
16862 1131
16868 1360
16870 1033
16870 1455
16871 862
16875 914
16877 908
16877 1027
16879 1005
16886 1184
16886 1061
16887 170
16887 616
16888 112
16889 322
16889 1260
16892 244
16893 903
16896 733
16896 1452
16897 1374
16897 521
16898 175
16898 480
16900 867
16901 198
16902 1289
16902 1268
16907 898
16907 705
16911 697
16911 589
16914 1424
16916 1404
16917 194
16921 939
16921 275
16922 1316
16923 448
16929 575
16931 1285
16934 1380
16934 370
16935 895
16936 861
16938 986
16938 884
16941 1112
16941 1344
16942 553
16945 1461
16951 1345
16954 445
16955 193
16963 1374
16963 234
16964 65
16966 1462
16967 1146
16969 1184
16969 1354
16971 1393
16971 593
16972 441
16974 1139
16975 443
16976 691
16980 240
16981 259
16984 226
16987 880
16987 881
16988 223
16990 1345
16990 1056
16992 1260
16994 1122
16994 788
16995 1404
16995 285
16998 1215
17004 863
17005 1096
17005 194
17007 177
17008 1196
17008 1141
17008 1176
17009 1419
17011 1221
17013 1453
17014 577
17015 622
17015 187
17017 405
17018 402
17019 1040
17020 405
17023 457
17023 340
17024 1323
17024 1318
17029 1308
17029 957
17030 863
17031 487
17033 171
17033 1368
17033 137
17037 757
17041 92
17042 162
17048 343
17050 666
17051 827
17052 1246
17056 491
17063 1475
17066 314
17068 1157
17069 904
17070 945
17071 1069
17074 535
17075 135
17076 1363
17078 1499
17078 1265
17080 921
17080 337
17080 344
17081 345
17082 278
17085 129
17086 1202
17088 1248
17088 435
17090 374
17090 614
17091 833
17091 265
17092 157
17096 917
17097 476
17101 614
17102 1208
17109 86
17110 456
17112 403
17113 107
17113 1173
17114 438
17115 1262
17119 330
17121 1400
17125 793
17125 1028
17126 115
17129 535
17134 692
17137 1368
17137 1159
17138 342
17139 696
17141 887
17146 411
17147 1076
17148 1017
17149 492
17151 272
17153 1151
17156 1117
17157 801
17159 703
17162 495
17164 1159
17164 936
17164 801
17167 1442
17167 111
17169 1141
17171 268
17172 1181
17174 890
17176 1334
17176 386
17176 119
17179 404
17180 381
17181 1435
17182 771
17183 911
17184 1072
17184 1488
17185 1361
17186 838
17187 872
17194 179
17198 202
17199 858
17200 166
17201 1334
17202 121
17203 244
17203 980
17203 329
17205 1352
17206 1029
17210 635
17212 84
17212 1246
17214 1489
17215 907
17215 98
17215 288
17217 292
17220 615
17220 635
17225 769
17226 1128
17229 1461
17229 256
17230 397
17230 820
17230 118
17231 109
17231 174
17232 1098
17234 543
17235 448
17236 235
17238 818
17238 837
17240 65
17242 1407
17242 1303
17245 260
17245 449
17248 1045
17249 930
17253 1331
17254 1303
17254 933
17258 1241
17259 782
17259 894
17259 903
17259 358
17261 1092
17263 964
17271 853
17271 1230
17273 1104
17274 131
17279 83
17279 1464
17281 922
17282 764
17284 427
17284 442
17288 934
