1000
2 1144
2 199
4 457
5 816
7 1251
12 709
12 1138
12 207
13 825
14 240
16 1143
19 1394
22 491
22 724
23 368
25 615
27 688
27 1243
28 1494
30 892
33 1247
34 509
35 588
38 1049
40 1236
43 1204
44 563
44 917
45 961
47 944
47 1120
49 1403
51 824
51 401
51 742
52 246
54 575
57 1495
57 1259
60 1333
60 485
61 1287
62 1240
63 1322
66 1292
66 164
67 700
67 1076
68 299
70 639
71 1029
73 815
74 333
75 180
75 744
76 1487
80 756
81 509
81 985
81 569
84 350
84 454
84 1209
85 1033
91 170
93 319
97 211
97 718
100 679
101 343
102 702
102 312
102 366
108 628
108 638
108 545
112 532
116 912
118 972
123 674
126 179
129 1369
129 375
130 966
135 473
135 581
135 127
135 401
135 853
135 1198
137 146
138 826
139 212
140 1383
140 1419
142 280
149 279
152 1073
158 106
164 717
164 282
168 412
168 948
169 511
173 1075
174 569
178 739
191 1240
193 1298
195 113
199 299
205 287
207 867
207 1418
208 644
212 256
212 349
212 816
213 843
213 1133
216 785
218 642
221 1421
222 1313
223 1117
226 1066
226 692
227 600
227 349
229 985
229 1210
231 1494
232 233
233 1018
233 437
234 616
237 1279
238 910
240 781
241 1036
241 1021
242 200
246 1253
248 1215
252 184
253 411
254 1221
255 615
256 956
264 1425
266 621
267 437
268 754
269 825
272 1427
273 1128
274 504
275 582
277 229
278 948
279 1417
279 334
280 1085
282 217
284 1007
286 732
288 1264
289 837
289 219
290 867
292 186
294 1334
295 617
296 897
297 514
297 992
303 1235
306 1155
308 781
309 669
312 644
312 209
319 574
324 1049
324 380
326 171
327 1113
327 476
330 461
334 1450
336 331
337 65
338 1202
341 834
341 1079
343 1119
345 712
346 524
350 244
351 895
351 1154
355 324
356 561
357 436
359 579
361 1245
361 144
361 444
362 1291
362 1037
367 690
370 1010
375 370
375 1091
376 1281
378 837
379 704
379 936
380 399
381 506
382 884
382 636
389 818
390 546
392 720
392 123
397 146
399 1112
399 919
399 1277
401 727
401 718
403 1128
403 991
405 717
405 990
406 900
409 280
409 170
410 115
411 1440
418 892
419 131
420 219
422 701
428 968
428 1405
431 1487
433 1195
433 859
433 244
434 378
434 759
436 521
437 966
441 612
442 119
442 629
444 1015
445 810
448 1454
451 344
452 1384
452 881
455 909
456 1494
458 774
463 375
464 1255
465 896
465 999
465 1452
467 1444
471 509
474 169
474 315
476 1023
477 933
481 311
485 1365
487 764
488 444
491 776
493 1413
493 569
497 1029
499 670
500 812
501 1303
503 246
509 284
511 332
512 1049
519 558
520 702
520 458
521 268
523 1471
523 317
524 1214
526 1388
527 1190
530 708
532 365
533 404
534 1202
540 1053
540 1165
541 995
542 728
542 1407
544 770
549 1085
550 530
550 340
553 893
553 1151
554 1260
557 753
560 1388
561 351
563 530
563 547
563 696
565 333
569 135
569 660
572 1121
573 1285
574 202
574 834
574 1201
574 300
575 1393
577 299
578 498
580 817
580 1483
581 522
582 944
582 1176
584 686
585 273
587 1069
592 575
592 178
594 865
595 440
595 1299
595 208
596 221
596 400
596 781
597 1449
597 854
597 138
597 956
597 430
597 579
597 879
597 223
598 77
598 1166
598 1180
598 386
598 604
598 429
598 1022
598 866
598 508
598 1074
598 1134
599 745
599 928
599 1451
600 353
600 832
600 267
600 1466
600 1221
600 1433
600 159
600 1271
600 916
601 287
601 617
601 993
601 233
601 1334
601 906
601 1442
601 339
601 800
601 520
601 304
601 170
602 825
602 1203
604 971
605 319
605 738
608 1479
609 574
609 971
609 1493
610 544
611 756
613 1421
615 1270
617 719
620 634
621 295
623 1469
625 814
627 1293
629 661
629 694
632 254
633 77
636 462
639 1056
642 107
645 1094
649 1433
649 662
653 1063
653 196
654 553
655 959
658 704
669 1065
669 997
670 750
670 1007
672 412
677 289
678 1117
678 1308
686 1042
687 1041
688 443
690 612
692 1418
696 1306
698 716
702 208
704 653
707 79
710 519
714 415
718 445
719 85
720 657
722 167
724 1068
728 863
729 688
732 1166
735 1445
740 762
743 1489
744 1425
745 906
749 617
759 484
760 385
761 233
761 1121
763 1197
769 1091
769 548
770 1008
771 624
771 1133
772 657
780 1035
780 165
780 1493
781 618
783 651
784 1093
786 444
789 127
790 451
792 778
792 1205
797 340
802 1243
803 522
806 169
812 497
816 900
816 492
820 916
820 256
825 115
832 174
834 1133
836 1207
839 628
841 1303
843 858
843 720
844 75
847 360
848 1313
850 330
853 801
853 748
856 230
858 915
858 457
861 153
862 715
864 530
864 419
866 991
867 1368
867 1083
868 1482
868 877
871 497
877 1191
878 1413
878 1083
879 735
879 880
882 439
883 495
884 101
886 443
886 1377
887 1185
890 1370
893 1058
893 170
897 852
897 964
898 1298
899 184
900 389
902 180
905 1193
906 1313
909 158
912 1276
913 406
913 960
916 310
917 1149
921 167
924 835
929 742
930 778
931 1417
931 773
931 1392
936 543
936 601
938 72
938 1031
939 220
942 225
944 371
946 880
947 1362
953 188
957 952
957 284
958 860
959 285
962 1198
963 1303
965 1077
966 1069
967 477
967 1155
969 912
969 976
970 1301
970 95
974 142
975 906
976 1000
977 970
978 865
981 513
981 1243
981 1088
981 1361
983 652
985 239
985 658
987 643
988 1279
988 1124
989 916
991 1108
993 1455
994 1261
995 1192
995 444
996 496
999 1484
999 523
1001 723
1001 1163
1001 517
1001 485
1002 1342
1004 671
1004 423
1005 250
1009 1001
1009 418
1011 647
1012 740
1013 853
1016 325
1016 433
1017 1346
1018 383
1025 1464
1026 69
1028 1126
1029 340
1031 1305
1032 1016
1034 569
1036 425
1037 1221
1037 1367
1037 364
1038 698
1047 688
1057 424
1057 607
1063 1126
1063 1076
1065 433
1066 410
1069 549
1069 334
1070 238
1081 288
1081 1421
1084 963
1084 814
1086 1370
1087 425
1089 1300
1090 746
1091 1139
1094 1394
1097 1042
1097 802
1098 900
1104 333
1105 1405
1106 982
1107 106
1108 1140
1109 596
1111 874
1112 1430
1117 1031
1118 1287
1120 1113
1127 123
1130 120
1133 1317
1133 538
1136 1338
1137 474
1141 209
1143 1403
1144 1223
1151 426
1152 568
1153 1227
1153 642
1155 988
1159 1011
1161 946
1165 778
1166 379
1167 1480
1167 1195
1170 1248
1171 1033
1171 441
1174 663
1178 158
1179 1209
1180 192
1185 339
1186 1489
1189 748
1191 569
1195 994
1196 1004
1198 728
1199 1479
1199 1410
1200 830
1208 1473
1210 736
1211 105
1212 143
1212 1331
1214 871
1214 937
1222 1487
1223 788
1223 1486
1224 442
1224 1314
1231 1410
1234 393
1235 1161
1235 208
1236 436
1237 771
1239 475
1239 746
1243 1129
1243 988
1244 252
1245 485
1247 1285
1249 820
1249 173
1252 1134
1254 787
1255 387
1260 1290
1261 1470
1262 1230
1267 1318
1269 459
1273 645
1276 1082
1279 1041
1281 1211
1283 128
1284 483
1285 1457
1286 931
1286 1290
1286 1277
1289 857
1290 432
1294 181
1296 675
1298 951
1298 1497
1301 1256
1304 929
1306 1479
1307 1491
1310 150
1314 1434
1317 1394
1320 266
1322 242
1328 746
1329 1414
1329 1433
1330 794
1330 1153
1330 803
1332 437
1333 305
1333 1274
1335 1162
1336 438
1339 1184
1339 181
1340 488
1341 130
1343 805
1344 867
1345 1162
1345 1491
1348 69
1352 782
1353 620
1356 562
1362 308
1363 559
1364 1480
1365 843
1365 1030
1369 487
1369 966
1370 74
1371 912
1375 1370
1375 1047
1376 1254
1376 869
1376 423
1377 961
1380 1074
1381 197
1382 293
1382 1148
1383 804
1384 1013
1385 157
1387 872
1389 646
1389 1253
1391 1015
1393 1213
1398 829
1404 402
1404 513
1405 431
1405 1048
1406 113
1408 1119
1409 1079
1410 540
1411 1217
1414 1245
1415 1143
1415 673
1419 288
1420 838
1422 903
1423 1441
1426 477
1427 880
1433 765
1434 779
1435 1481
1441 474
1443 1494
1443 493
1446 1016
1447 1251
1449 1186
1449 1035
1450 426
1450 775
1456 717
1457 987
1458 895
1458 899
1461 1389
1463 759
1463 951
1464 1174
1466 550
1466 369
1466 1329
1469 1178
1470 1096
1470 1124
1471 1352
1475 1359
1477 1027
1481 1345
1482 1327
1484 127
1487 612
1488 976
1489 1290
1491 692
1492 79
1492 264
1493 1290
1493 860
1495 635
1495 405
1495 959
1499 1081
1503 287
1506 1333
1507 1386
1512 1474
1512 881
1512 969
1513 1212
1513 945
1513 940
1514 609
1514 981
1516 588
1517 1139
1520 1059
1522 1305
1523 654
1524 823
1524 461
1527 123
1527 986
1531 1327
1532 1486
1534 858
1535 1006
1536 717
1538 591
1540 1326
1540 590
1544 78
1544 745
1546 1323
1547 100
1550 136
1554 1191
1557 610
1564 1062
1566 1138
1569 860
1570 1477
1572 1467
1574 1478
1575 515
1575 1318
1575 106
1578 1274
1578 1354
1580 293
1581 1028
1589 342
1599 348
1600 717
1600 637
1600 514
1601 1355
1604 273
1608 1493
1609 377
1609 683
1610 614
1610 715
1614 1011
1618 1090
1619 794
1620 627
1625 282
1627 518
1627 1008
1628 448
1632 1306
1634 217
1637 1448
1639 146
1640 408
1640 1448
1641 996
1642 622
1643 1080
1644 146
1644 436
1648 1317
1649 1088
1649 977
1651 786
1651 199
1651 934
1652 547
1654 923
1654 1339
1654 305
1661 387
1663 111
1664 713
1667 140
1670 1378
1670 1028
1670 277
1670 676
1672 1204
1675 669
1678 1201
1680 599
1682 720
1684 991
1686 839
1687 1385
1688 791
1690 1240
1691 531
1691 1491
1692 123
1692 980
1695 1114
1697 770
1698 214
1698 641
1699 222
1701 1306
1701 1354
1704 651
1705 415
1709 425
1710 159
